time: 0.065285
time: 0.0662304
time: 0.0749412
time: 0.070985
