time: 7.54455
time: 7.01712
time: 6.94945
time: 6.89572
