time: 0.672205
time: 0.692969
