time: 0.0560095
time: 0.0559793
