time: 4.63989
time: 4.65597
time: 4.6664
time: 5.18722
