time: 0.850395
time: 0.947453
