time: 0.244284
time: 0.250104
