time: 4.69362
time: 4.84111
