time: 0.113524
time: 0.125698
