time: 0.296699
time: 0.297986
