time: 0.0983917
time: 0.115333
