time: 1.16097
time: 1.16957
time: 1.19071
time: 1.21978
