time: 0.0662142
time: 0.0679542
time: 0.0669625
time: 0.127565
