time: 0.0898226
time: 0.101189
time: 0.101039
time: 0.111066
