time: 0.588094
time: 0.594399
time: 0.62342
time: 0.688383
