time: 2.05484
time: 2.03306
time: 1.81176
time: 1.8299
