time: 0.0973289
time: 0.0888558
