time: 0.0500124
time: 0.0468052
