time: 0.0811092
time: 0.0721253
time: 0.0876669
time: 0.0809823
