time: 0.0579566
time: 0.0569983
time: 0.068172
time: 0.0740343
