time: 0.066783
time: 0.0571849
