time: 0.992847
time: 0.970862
