time: 0.0532626
time: 0.0508685
