time: 9.48888
time: 9.42122
