time: 0.402594
time: 0.401423
