time: 7.14603
time: 7.89292
