time: 0.182279
time: 0.197372
time: 0.1856
time: 0.200919
