time: 0.0449281
time: 0.0464226
time: 0.0563481
time: 0.054149
