time: 5.99766
time: 5.79098
time: 6.10279
time: 6.38969
