time: 0.0522478
time: 0.0515383
time: 0.0517672
time: 0.0620531
