time: 0.218875
time: 0.228665
