time: 1.04052
time: 0.995133
