time: 0.129254
time: 0.128354
time: 0.138149
time: 0.176875
