time: 0.102503
time: 0.0963575
