time: 6.13111
time: 6.14622
