time: 0.0558473
time: 0.0493647
