time: 0.140942
time: 0.135052
