time: 0.330522
time: 0.33585
time: 0.345064
time: 0.330243
