time: 0.237749
time: 0.248353
time: 0.252443
time: 0.246649
