time: 0.109397
time: 0.0985224
