time: 0.281928
time: 0.286456
