time: 0.400862
time: 0.405402
time: 0.412175
time: 0.410029
