time: 0.060059
time: 0.0593505
