time: 0.0560981
time: 0.0533448
