time: 0.0347135
time: 0.0356258
