time: 2.45332
time: 2.49216
