time: 0.0938777
time: 0.0959575
time: 0.0972364
time: 0.104325
