time: 0.108618
time: 0.10122
