time: 0.109592
time: 0.109241
