time: 0.0600215
time: 0.0639263
