time: 0.316377
time: 0.309835
time: 0.315302
time: 0.350393
