time: 0.110625
time: 0.10844
