time: 0.259071
time: 0.260035
time: 0.266543
time: 0.586213
