time: 0.301306
time: 0.297775
