time: 2.43475
time: 2.51334
