time: 0.0629326
time: 0.0589057
