time: 0.487245
time: 0.548362
