time: 0.0758984
time: 0.0756314
time: 0.077398
time: 0.0999476
