time: 0.0611896
time: 0.0628449
