time: 0.0523708
time: 0.0507211
