time: 0.0697357
time: 0.0675797
time: 0.0721573
time: 0.0886116
