time: 2.97527
time: 2.97455
time: 2.77669
time: 2.65855
