time: 0.288493
time: 0.281979
time: 0.264931
time: 0.287569
