time: 0.097436
time: 0.0984481
