time: 0.461677
time: 0.463137
