time: 2.59568
time: 2.34503
time: 2.35203
time: 2.37511
