time: 0.0700754
time: 0.0701414
