time: 0.0568146
time: 0.0568481
