time: 0.0613628
time: 0.070215
time: 0.0609237
time: 0.0699768
