time: 0.0626375
time: 0.0624624
