time: 0.0767136
time: 0.0704543
