time: 0.265835
time: 0.275277
