time: 0.114538
time: 0.114622
time: 0.114631
time: 0.120575
