time: 0.147671
time: 0.147475
time: 0.147965
time: 0.160657
