time: 0.0949541
time: 0.104365
time: 0.109049
time: 0.107147
