time: 0.0626195
time: 0.0669668
