time: 4.89061
time: 4.95611
