time: 0.827628
time: 0.899652
