time: 0.129653
time: 0.130168
