time: 0.0461243
time: 0.0414746
