time: 0.120064
time: 0.129093
