time: 0.16283
time: 0.177976
