time: 0.114855
time: 0.121764
