time: 0.0465607
time: 0.0435334
