time: 0.0667319
time: 0.0577487
