time: 0.0860427
time: 0.0895008
time: 0.0887209
time: 0.112744
