time: 0.080025
time: 0.0805804
time: 0.0781486
time: 0.101699
