time: 0.50866
time: 0.537904
