time: 0.095056
time: 0.0944087
time: 0.0864025
time: 0.107657
