time: 0.127326
time: 0.126115
time: 0.125023
time: 0.136633
