time: 0.0517043
time: 0.0567778
