time: 3.02534
time: 2.84199
time: 3.16598
time: 3.39345
