time: 0.0918437
time: 0.100196
