time: 0.0683329
time: 0.0630336
