time: 0.591541
time: 0.580598
time: 0.596354
time: 0.592116
