time: 0.0674021
time: 0.0674887
time: 0.068393
time: 0.0777454
