time: 4.75517
time: 4.88497
