time: 5.15706
time: 5.08328
