time: 0.182232
time: 0.183902
time: 0.187391
time: 0.20201
