time: 0.274364
time: 0.269417
