time: 0.0685067
time: 0.0664121
