time: 0.0435923
time: 0.0523746
