time: 0.0579745
time: 0.0610184
