time: 0.0497978
time: 0.0580825
