time: 0.112864
time: 0.113113
time: 0.119865
time: 0.128572
