time: 0.0943354
time: 0.10258
