time: 0.161712
time: 0.163207
time: 0.179208
time: 0.161373
