time: 8.85253
time: 8.99731
time: 8.85686
time: 9.36287
