time: 0.145393
time: 0.138185
