time: 0.0662318
time: 0.0565504
time: 0.0654851
time: 0.076263
