time: 2.35048
time: 2.35265
