time: 0.918998
time: 0.932112
