time: 0.205191
time: 0.213856
