time: 0.0539032
time: 0.0606138
time: 0.0612547
time: 0.0655374
