time: 0.0832678
time: 0.093376
