time: 0.0859675
time: 0.0899122
