time: 0.248991
time: 0.248316
