time: 0.0672693
time: 0.0623398
