time: 0.0642119
time: 0.0729131
