time: 0.0642209
time: 0.0592856
