time: 0.57742
time: 0.578852
