time: 0.531126
time: 0.538666
