time: 0.0907284
time: 0.0855147
