time: 8.66398
time: 8.64752
