time: 0.0633332
time: 0.070373
