time: 0.0616327
time: 0.0602299
