time: 5.31944
time: 6.00647
