time: 0.0668529
time: 0.064744
time: 0.0679807
time: 0.0687725
