time: 0.087086
time: 0.101917
time: 0.101087
time: 0.0842339
