time: 0.0656935
time: 0.0667746
time: 0.0666978
time: 0.079009
