time: 0.0916211
time: 0.0920056
time: 0.0853852
time: 0.101991
