time: 0.0327285
time: 0.035037
