time: 0.0438679
time: 0.045156
