time: 0.0805081
time: 0.0822084
