time: 0.106603
time: 0.109098
