time: 1.72509
time: 1.72864
time: 1.73719
time: 1.78729
