time: 0.0493271
time: 0.0503809
