time: 0.969231
time: 0.961951
time: 0.984365
time: 0.99841
