time: 0.0519443
time: 0.0543232
time: 0.0558957
time: 0.0615479
