time: 0.252917
time: 0.248876
time: 0.2467
time: 0.270081
