time: 0.152176
time: 0.152009
