time: 0.0559023
time: 0.0674884
time: 0.0548472
time: 0.0575693
