time: 0.0535279
time: 0.0605183
