time: 0.126892
time: 0.124954
