time: 0.0540265
time: 0.0473215
