time: 0.182636
time: 0.179812
