time: 0.0748532
time: 0.0842072
time: 0.0815416
time: 0.0909905
