time: 0.0610784
time: 0.103788
