time: 0.608648
time: 0.649779
