time: 0.0558814
time: 0.0581194
time: 0.0574042
time: 0.0725281
