time: 0.0585186
time: 0.0539756
time: 0.0593348
time: 0.0710669
