time: 0.0787512
time: 0.0787228
time: 0.078464
time: 0.113227
