time: 0.416348
time: 0.429108
