time: 0.538982
time: 0.538699
