time: 0.0545425
time: 0.0584765
time: 0.0597718
time: 0.0734109
