time: 0.0588981
time: 0.0591181
time: 0.0579574
time: 0.0704703
