time: 0.0567958
time: 0.0552844
