time: 0.0348194
time: 0.0414511
