time: 0.0591386
time: 0.0584176
