time: 0.165267
time: 0.171463
