time: 4.19999
time: 4.72957
