time: 0.0791433
time: 0.0736162
