time: 0.0899237
time: 0.0886762
