time: 0.0562576
time: 0.0582079
time: 0.0556389
time: 0.06566
