time: 0.0990161
time: 0.0905398
