time: 0.233409
time: 0.228684
time: 0.234968
time: 0.244991
