time: 0.0768015
time: 0.081635
