time: 0.0727216
time: 0.072482
time: 0.0798716
time: 0.0826891
