time: 0.0868566
time: 0.0813678
