time: 0.0659116
time: 0.0760125
time: 0.0738369
time: 0.0861342
