time: 0.0548177
time: 0.056189
time: 0.0560823
time: 0.0663125
