time: 6.74956
time: 6.65618
