time: 2.81765
time: 2.69705
