time: 0.0609241
time: 0.0606519
time: 0.0589129
time: 0.0688121
