time: 0.0724209
time: 0.0755229
time: 0.0801591
time: 0.110927
