time: 0.101497
time: 0.11289
