time: 1.02347
time: 1.05066
