time: 0.144102
time: 0.149307
