time: 1.29656
time: 1.26563
time: 1.26837
time: 1.29847
