time: 0.100776
time: 0.10115
