time: 0.0612174
time: 0.0619825
time: 0.0659907
time: 0.073508
