time: 1.21807
time: 1.199
time: 1.22138
time: 1.25144
