time: 0.0852222
time: 0.0857386
