time: 0.0606292
time: 0.0520811
