time: 0.0766087
time: 0.0675687
