time: 0.0576185
time: 0.0570159
time: 0.0574744
time: 0.0727335
