time: 0.094256
time: 0.0970912
time: 0.0954447
time: 0.108972
