time: 0.399363
time: 0.405189
