time: 0.0478024
time: 0.0489293
