time: 2.56542
time: 2.61703
