time: 0.0634383
time: 0.0637868
time: 0.0644836
time: 0.112986
