time: 0.0612005
time: 0.0541077
