time: 0.0857271
time: 0.0915029
time: 0.0912384
time: 0.125364
