time: 0.0993062
time: 0.0951598
