time: 2.95939
time: 3.26567
