time: 0.187583
time: 0.177391
