time: 0.0600837
time: 0.0555425
time: 0.0607675
time: 0.0826991
