time: 0.457009
time: 0.456703
time: 0.459776
time: 0.458921
