time: 0.333975
time: 0.347552
time: 0.350826
time: 0.357812
