time: 0.122144
time: 0.118154
