time: 0.100125
time: 0.0987801
time: 0.0905209
time: 0.119181
