time: 0.461872
time: 0.419801
time: 0.439471
time: 0.428712
