time: 0.0963914
time: 0.095275
