time: 0.0494542
time: 0.0557912
