time: 0.101069
time: 0.102431
