time: 0.112757
time: 0.111716
