time: 0.0578547
time: 0.0582394
time: 0.0662783
time: 0.0547964
