time: 0.102315
time: 0.113408
