time: 0.0797891
time: 0.0830216
time: 0.0746449
time: 0.080756
