time: 0.308619
time: 0.308445
