time: 0.0846909
time: 0.0869556
time: 0.0944885
time: 0.087089
