time: 0.0571113
time: 0.0554801
time: 0.0570569
time: 0.10397
