time: 0.862313
time: 0.846315
