time: 2.85048
time: 2.61998
