time: 0.0907969
time: 0.090739
time: 0.0691941
time: 0.10298
