time: 0.0695396
time: 0.0689279
