time: 0.0779048
time: 0.0787692
