time: 4.88931
time: 5.00955
