time: 0.0608548
time: 0.0776256
