time: 0.454116
time: 0.464997
time: 0.438545
time: 0.493695
