time: 0.0635996
time: 0.0651842
time: 0.0647201
time: 0.0675689
