time: 0.0885689
time: 0.0973634
