time: 0.0878242
time: 0.087771
time: 0.0921299
time: 0.0902394
