time: 2.15699
time: 1.93546
