time: 0.0561755
time: 0.0557859
time: 0.0579797
time: 0.0616391
