time: 0.368569
time: 0.394311
