time: 0.0690072
time: 0.0701429
time: 0.073303
time: 0.0835353
