time: 0.0588783
time: 0.0515481
