time: 0.0492541
time: 0.0503535
time: 0.053716
time: 0.0544903
