time: 0.479575
time: 0.487543
