time: 0.0566533
time: 0.0576041
