time: 0.649248
time: 0.639612
