time: 0.0722045
time: 0.0716896
time: 0.0737316
time: 0.0747029
