time: 0.561658
time: 0.563695
time: 0.563628
time: 0.569115
