time: 2.86772
time: 2.86802
time: 2.90849
time: 2.94941
