time: 0.0595793
time: 0.0710402
time: 0.0616275
time: 0.101784
