time: 0.0692911
time: 0.0700358
time: 0.0703974
time: 0.0880365
