time: 0.0525817
time: 0.0542161
