time: 0.412328
time: 0.423998
