time: 0.69747
time: 0.730437
time: 0.734099
time: 0.726347
