time: 0.158356
time: 0.169479
