time: 0.0524638
time: 0.0539852
