time: 0.0527936
time: 0.0530474
