time: 0.0779414
time: 0.0818884
