time: 0.563138
time: 0.555664
