time: 0.0506045
time: 0.0552401
time: 0.0516183
time: 0.0684814
