time: 0.0520506
time: 0.0600457
