time: 0.0690564
time: 0.0670921
time: 0.112302
time: 0.122932
