time: 1.92893
time: 1.93335
time: 1.95647
time: 1.97983
