time: 0.0901933
time: 0.0987737
