time: 1.02455
time: 1.02685
