time: 0.119795
time: 0.117794
