time: 0.125424
time: 0.103972
