time: 0.0880904
time: 0.087113
time: 0.0995528
time: 0.092023
