time: 0.287213
time: 0.286873
time: 0.289166
time: 0.307405
