time: 0.0529506
time: 0.0527827
time: 0.0534064
time: 0.0653563
