time: 0.465334
time: 0.441562
time: 0.454561
time: 0.452606
