time: 0.0525931
time: 0.0521093
time: 0.052912
time: 0.0756145
