time: 0.151903
time: 0.153959
time: 0.146297
time: 0.16117
