time: 0.0933617
time: 0.094003
time: 0.100505
time: 0.0946215
