time: 0.0496859
time: 0.0592558
