time: 5.67785
time: 5.67738
