time: 1.68584
time: 1.68499
