time: 0.91135
time: 0.931714
