time: 0.0690656
time: 0.0594408
