time: 0.0450605
time: 0.0522281
