time: 0.0448826
time: 0.0479635
