time: 0.0788666
time: 0.0799685
