time: 0.479652
time: 0.477412
