time: 0.0994955
time: 0.0992144
time: 0.109855
time: 0.107274
