time: 2.89496
time: 2.66198
