time: 0.231379
time: 0.240357
