time: 0.279987
time: 0.271715
time: 0.272229
time: 0.284682
