time: 0.0622555
time: 0.0629537
time: 0.059205
time: 0.0760967
