time: 0.0673726
time: 0.0751094
