time: 0.0509207
time: 0.0584307
