time: 0.221431
time: 0.23048
time: 0.224495
time: 0.236316
