time: 0.0613253
time: 0.0642567
time: 0.0654413
time: 0.065739
