time: 0.07991
time: 0.0798632
time: 0.0713774
time: 0.0910148
