time: 0.064795
time: 0.0686507
time: 0.0656702
time: 0.0676051
