time: 0.0793065
time: 0.115958
