time: 0.0586084
time: 0.0527223
time: 0.0547655
time: 0.068489
