time: 0.0693766
time: 0.0704417
time: 0.0696206
time: 0.0879351
