time: 1.51903
time: 1.53684
