time: 0.224028
time: 0.22747
