time: 0.055974
time: 0.0513376
time: 0.052647
time: 0.0764444
