time: 1.47645
time: 1.47338
time: 1.48957
time: 1.49865
