time: 0.0681083
time: 0.0744881
