time: 0.516457
time: 0.49563
time: 0.503542
time: 0.523365
