time: 0.119335
time: 0.11427
