time: 0.0670181
time: 0.0582394
