time: 0.164771
time: 0.166607
