time: 1.12577
time: 1.04502
