time: 0.0793535
time: 0.0797317
time: 0.0833756
time: 0.0798118
