time: 0.0653417
time: 0.0672779
time: 0.067746
time: 0.0889774
