time: 5.63723
time: 5.04497
time: 5.1057
time: 5.02528
