time: 5.08241
time: 5.25103
