time: 0.0644869
time: 0.0591355
time: 0.0650928
time: 0.0913708
