time: 0.0898023
time: 0.0931378
