time: 0.0678533
time: 0.0689814
time: 0.0667835
time: 0.0704183
