time: 0.0601677
time: 0.0517787
