time: 0.25828
time: 0.257228
time: 0.278382
time: 0.26298
