time: 0.525886
time: 0.522986
time: 0.495044
time: 0.518128
