time: 0.0989774
time: 0.109299
