time: 0.0837589
time: 0.0812079
