time: 3.48054
time: 3.52805
