time: 0.111663
time: 0.110523
time: 0.116674
time: 0.119627
