time: 0.0694853
time: 0.0711519
time: 0.100945
time: 0.0936703
