time: 0.114399
time: 0.110988
time: 0.127145
time: 0.123991
