time: 0.050949
time: 0.0552924
