time: 0.0833588
time: 0.0852909
