time: 0.0749522
time: 0.0771797
time: 0.0908758
time: 0.0757908
