time: 0.0511494
time: 0.0507097
time: 0.0609689
time: 0.0555024
