time: 0.261146
time: 0.289038
time: 0.288563
time: 0.292919
