time: 0.0500196
time: 0.056128
time: 0.0586311
time: 0.0686406
