time: 0.0972484
time: 0.112946
time: 0.11691
time: 0.121952
