time: 0.0510925
time: 0.0530738
