time: 0.472335
time: 0.436293
time: 0.452917
time: 0.443249
