time: 0.235904
time: 0.227949
time: 0.226333
time: 0.231849
