time: 4.62806
time: 4.72808
