time: 0.0556422
time: 0.054849
