time: 0.0667253
time: 0.0639444
time: 0.0700224
time: 0.0735679
