time: 0.523111
time: 0.526123
