time: 0.0721649
time: 0.0716676
time: 0.075426
time: 0.080936
