time: 7.34528
time: 7.36293
