time: 0.0966623
time: 0.100922
time: 0.117167
time: 0.106975
