time: 0.107639
time: 0.117934
