time: 0.0934731
time: 0.0870753
