time: 0.0529843
time: 0.057075
