time: 0.0734835
time: 0.0755997
