time: 0.0439346
time: 0.0528178
