time: 0.0912527
time: 0.0942539
