time: 0.470397
time: 0.456118
time: 0.452522
time: 0.461491
