time: 7.15238
time: 7.24764
