time: 0.0473327
time: 0.0485441
