time: 0.261154
time: 0.284891
