time: 0.852591
time: 0.856514
