time: 2.21497
time: 1.98407
time: 1.97923
time: 2.00587
