time: 0.124455
time: 0.129451
time: 0.129586
time: 0.14425
