time: 0.182032
time: 0.19243
