time: 0.051856
time: 0.0615251
