time: 0.26666
time: 0.263255
time: 0.266428
time: 0.268879
