time: 0.0790073
time: 0.0799546
time: 0.0796484
time: 0.0898117
