time: 0.104946
time: 0.113699
