time: 2.27312
time: 2.24735
time: 2.27383
time: 2.24655
