time: 4.78746
time: 4.79003
time: 4.80269
time: 4.90874
