time: 0.130681
time: 0.117873
