time: 0.226228
time: 0.212208
