time: 0.246206
time: 0.252956
