time: 0.0529436
time: 0.0553443
