time: 0.0501909
time: 0.0503442
time: 0.047203
time: 0.0694302
