time: 0.0806543
time: 0.0862726
time: 0.0871334
time: 0.0984692
