time: 0.0609328
time: 0.0576728
