time: 0.0553088
time: 0.0571968
time: 0.062439
time: 0.0575989
