time: 0.0815594
time: 0.0826777
time: 0.0908318
time: 0.0885885
