time: 0.345773
time: 0.335951
time: 0.419654
time: 0.395363
