time: 1.44267
time: 1.46662
time: 1.44541
time: 1.56179
