time: 0.353198
time: 0.346579
time: 0.361421
time: 0.362875
