time: 0.291449
time: 0.296895
time: 0.320951
time: 0.340978
