time: 0.678853
time: 0.687621
