time: 0.724105
time: 0.979311
time: 1.02386
time: 1.33172
