time: 0.35487
time: 0.350981
