time: 0.301713
time: 0.311408
time: 0.321123
time: 0.316699
