time: 0.921526
time: 0.935721
