time: 0.205212
time: 0.217743
