time: 0.123233
time: 0.129825
