time: 0.0509167
time: 0.059492
