time: 0.0568363
time: 0.0507966
