time: 2.51038
time: 2.49489
time: 2.50188
time: 2.54858
