time: 0.0587597
time: 0.0615196
time: 0.073573
time: 0.0660326
