time: 0.0599211
time: 0.0689052
