time: 3.28717
time: 3.11016
time: 3.08374
time: 3.21809
