time: 0.123988
time: 0.107376
time: 0.130699
time: 0.11863
