time: 0.0491786
time: 0.0493064
