time: 0.0756872
time: 0.0805508
time: 0.0978032
time: 0.0885969
