time: 0.465865
time: 0.46244
