time: 1.31037
time: 1.35402
