time: 0.0620633
time: 0.061938
time: 0.062492
time: 0.0832362
