time: 0.382039
time: 0.38887
