time: 0.0476223
time: 0.0507948
