time: 0.995233
time: 0.95754
time: 0.991977
time: 0.961095
