time: 0.257633
time: 0.270262
