time: 0.0466723
time: 0.0556885
