time: 0.0501727
time: 0.0544862
time: 0.0538066
time: 0.0677594
