time: 0.0719219
time: 0.0729442
time: 0.0776622
time: 0.0827473
