time: 3.93083
time: 3.99981
