time: 0.0686471
time: 0.0669117
