time: 0.0665977
time: 0.0715496
