time: 2.92425
time: 2.92332
