time: 0.284889
time: 0.388981
