time: 1.25853
time: 1.30094
