time: 0.440306
time: 0.422322
