time: 7.02976
time: 7.04715
