time: 0.046126
time: 0.0486186
