time: 0.0757141
time: 0.0766685
time: 0.0831898
time: 0.0869139
