time: 0.066461
time: 0.0730657
time: 0.0710076
time: 0.0840242
