time: 0.0445156
time: 0.0484835
