time: 0.128963
time: 0.135599
time: 0.124802
time: 0.138996
