time: 0.0577112
time: 0.0551425
