time: 0.0704253
time: 0.0629528
