time: 0.084156
time: 0.087194
time: 0.0916387
time: 0.0869396
