time: 0.0787455
time: 0.081325
time: 0.0821567
time: 0.0983965
