time: 0.0575027
time: 0.0483053
