time: 0.0916694
time: 0.0889481
time: 0.0918177
time: 0.0931233
