time: 0.046115
time: 0.0481177
time: 0.0460042
time: 0.0678284
