time: 0.052529
time: 0.0564833
time: 0.0513289
time: 0.0651672
