time: 0.0625906
time: 0.0662089
time: 0.0791015
time: 0.0693766
