time: 0.0839244
time: 0.0842985
time: 0.0943034
time: 0.0901932
