time: 0.0507319
time: 0.0494517
