time: 0.0893261
time: 0.0973661
