time: 0.0622689
time: 0.0624611
time: 0.0625793
time: 0.0728458
