time: 0.0485722
time: 0.0549834
