time: 0.142154
time: 0.156873
time: 0.151841
time: 0.160205
