time: 0.0721646
time: 0.0710276
time: 0.0721424
time: 0.0857387
