time: 0.0743589
time: 0.0701427
