time: 5.21014
time: 5.25974
