time: 0.0582698
time: 0.0612074
time: 0.06146
time: 0.0686704
