time: 1.72931
time: 1.75051
time: 1.7658
time: 1.76412
