time: 4.60139
time: 4.66453
time: 4.57165
time: 4.56227
