time: 0.0548166
time: 0.0553773
