time: 0.833414
time: 0.830068
