time: 0.445788
time: 0.470528
time: 0.450387
time: 0.46641
