time: 0.543363
time: 0.557628
