time: 0.0840889
time: 0.0837325
time: 0.0853793
time: 0.104674
