time: 0.127856
time: 0.130059
