time: 0.140408
time: 0.139968
