time: 0.0535101
time: 0.057917
