time: 0.0580064
time: 0.0613867
time: 0.0594452
time: 0.0683316
