time: 0.0468896
time: 0.0507144
