time: 0.0498375
time: 0.0491341
