time: 0.120816
time: 0.146586
