time: 0.116213
time: 0.12116
