time: 0.0828671
time: 0.0818613
time: 0.0888485
time: 0.0877524
