time: 0.21886
time: 0.217576
