time: 0.0925632
time: 0.0883436
