time: 4.38088
time: 4.45642
time: 4.34962
time: 4.48517
