time: 9.42812
time: 9.71373
