time: 0.0818121
time: 0.0859778
time: 0.0888575
time: 0.0956928
