time: 0.546834
time: 0.569696
