time: 0.0773698
time: 0.0769375
time: 0.0747414
time: 0.0802449
