time: 1.73509
time: 1.89614
time: 1.79987
time: 1.98461
