time: 0.448742
time: 0.454486
