time: 9.53625
time: 8.18357
