time: 0.80755
time: 0.831801
time: 0.823487
time: 0.925611
