time: 0.0407558
time: 0.0367151
