time: 0.0496149
time: 0.0727734
