time: 0.0933697
time: 0.0948795
