time: 0.0684015
time: 0.0676957
time: 0.0607596
time: 0.087485
