time: 0.169016
time: 0.17161
