time: 6.93642
time: 7.27104
time: 7.31466
time: 7.12028
