time: 0.0657943
time: 0.0658361
time: 0.0657779
time: 0.0728289
