time: 0.0556539
time: 0.0547604
time: 0.0559316
time: 0.0662256
