time: 2.27186
time: 2.02883
