time: 0.0555036
time: 0.0539776
