time: 0.046028
time: 0.0433216
