time: 0.0928797
time: 0.0838612
time: 0.100822
time: 0.111666
