time: 0.276078
time: 0.453575
