time: 0.622302
time: 0.626501
