time: 0.0610562
time: 0.0555982
