time: 0.415508
time: 0.424641
