time: 0.0702523
time: 0.0688533
time: 0.0763215
time: 0.0794014
