time: 2.49649
time: 2.26369
time: 2.50229
time: 2.30016
