time: 2.06212
time: 2.06386
