time: 4.55359
time: 5.33457
