time: 0.595536
time: 0.540277
