time: 0.184015
time: 0.179963
time: 0.767129
time: 0.759652
