time: 0.136048
time: 0.0939046
