time: 0.064646
time: 0.0646816
time: 0.0686325
time: 0.0754701
