time: 0.15755
time: 0.157922
time: 0.147176
time: 0.177051
