time: 0.149965
time: 0.151899
