time: 0.057625
time: 0.0596885
