time: 0.951238
time: 0.961045
