time: 0.0469181
time: 0.0452606
time: 0.048313
time: 0.0676595
