time: 0.112121
time: 0.121088
