time: 0.390805
time: 0.400083
