time: 0.122944
time: 0.120415
time: 0.114641
time: 0.149391
