time: 0.354866
time: 0.358852
time: 0.373635
time: 0.358324
