time: 9.48009
time: 9.50508
