time: 0.0551002
time: 0.0559359
