time: 0.059201
time: 0.0542221
time: 0.0650922
time: 0.0710051
