time: 0.478109
time: 0.487071
