time: 0.0962411
time: 0.0895261
