time: 0.0521471
time: 0.0497627
