time: 0.0915068
time: 0.0822271
time: 0.0905364
time: 0.106299
