time: 1.02387
time: 1.03776
