time: 0.090403
time: 0.0872681
