time: 5.85019
time: 5.91649
