time: 0.465441
time: 0.477842
