time: 0.0963293
time: 0.0934931
time: 0.095433
time: 0.0847995
