time: 0.0414258
time: 0.0487803
