time: 0.0719215
time: 0.0724169
time: 0.0788444
time: 0.118885
