time: 2.41314
time: 2.69174
time: 2.44026
time: 2.44422
