time: 0.0736558
time: 0.0742069
time: 0.0793129
time: 0.0864503
