time: 4.86082
time: 4.77539
