time: 0.126767
time: 0.119836
time: 0.126239
time: 0.129553
