time: 0.252808
time: 0.257506
