time: 0.265859
time: 0.265732
time: 0.267491
time: 0.267602
