time: 5.42679
time: 5.15488
time: 5.58564
time: 6.61055
