time: 0.507576
time: 0.498652
