time: 0.449806
time: 0.463147
