time: 0.10296
time: 0.104031
