time: 0.0788198
time: 0.0726978
time: 0.0780352
time: 0.0728365
