time: 1.10278
time: 1.15601
