time: 0.0738151
time: 0.0825696
