time: 3.97856
time: 3.91801
