time: 0.50908
time: 0.503854
