time: 0.0745578
time: 0.0795563
