time: 0.0827236
time: 0.0867828
