time: 0.0958163
time: 0.0954757
time: 0.096125
time: 0.1202
