time: 2.50097
time: 2.29109
time: 2.30384
time: 2.30101
