time: 0.131819
time: 0.131655
