time: 0.0563589
time: 0.0549269
