time: 0.0817194
time: 0.0786335
