time: 0.0498591
time: 0.0524003
