time: 2.34897
time: 2.37347
