time: 0.205565
time: 0.213936
