time: 0.730576
time: 0.723388
