time: 0.096121
time: 0.0830341
time: 0.0949712
time: 0.100877
