time: 0.150847
time: 0.146644
time: 0.159019
time: 0.150941
