time: 0.0539873
time: 0.0539486
time: 0.0558359
time: 0.109531
