time: 0.038462
time: 0.0375824
