time: 0.0660303
time: 0.0721918
time: 0.0779306
time: 0.0837315
