time: 0.0602592
time: 0.0634018
