time: 0.173913
time: 0.174185
time: 0.184776
time: 0.177978
