time: 0.0776524
time: 0.0790219
time: 0.0780331
time: 0.0949472
