time: 0.40489
time: 0.407139
