time: 2.18254
time: 2.18526
time: 2.18313
time: 2.21096
