time: 0.0771725
time: 0.077393
time: 0.0752579
time: 0.0844018
