time: 0.358101
time: 0.339055
