time: 0.0520093
time: 0.0450616
