time: 0.0842661
time: 0.0786288
time: 0.0915128
time: 0.0975747
