time: 0.26228
time: 0.266031
time: 0.274637
time: 0.272089
