time: 0.0763887
time: 0.0845155
