time: 0.0979568
time: 0.0956191
time: 0.10462
time: 0.116604
