time: 0.0450737
time: 0.0467544
