time: 0.0629156
time: 0.068417
