time: 0.061088
time: 0.0553101
