time: 0.0994048
time: 0.111966
