time: 0.0783388
time: 0.0854373
time: 0.0787999
time: 0.0894795
