time: 0.0426797
time: 0.0478554
