time: 3.36775
time: 3.36227
time: 3.10881
time: 3.22197
