time: 0.0589737
time: 0.0588121
