time: 0.074444
time: 0.0725162
time: 0.0743646
time: 0.0553728
