time: 0.0483267
time: 0.0561488
