time: 0.477368
time: 0.442794
time: 0.469721
time: 0.48893
