time: 0.164709
time: 0.169156
time: 0.169765
time: 0.174025
