time: 0.057115
time: 0.0661445
