time: 0.101267
time: 0.0974518
