time: 1.21933
time: 1.38638
