time: 4.41111
time: 4.35393
