time: 0.103975
time: 0.110386
time: 0.118157
time: 0.112772
