time: 0.0541346
time: 0.0556892
