time: 0.0686224
time: 0.0598473
