time: 0.118075
time: 0.114817
time: 0.114118
time: 0.137624
