time: 2.9196
time: 3.20375
time: 3.19946
time: 2.96855
