time: 0.721338
time: 0.840697
