time: 0.0688902
time: 0.0702038
time: 0.0690178
time: 0.0731493
