time: 0.274881
time: 0.275056
time: 0.272156
time: 0.302569
