time: 2.22517
time: 2.21642
time: 2.48343
time: 2.17242
