time: 0.0688521
time: 0.0687838
