time: 0.0619906
time: 0.0631167
time: 0.0728509
time: 0.076551
