time: 0.448496
time: 0.43347
