time: 2.25142
time: 2.19372
