time: 0.0569656
time: 0.0478014
