time: 0.0768484
time: 0.0775542
time: 0.0686645
time: 0.0919945
