time: 0.05824
time: 0.0599136
