time: 0.0538949
time: 0.0550396
