time: 0.445845
time: 0.477578
