time: 6.61885
time: 6.61268
