time: 0.124476
time: 0.129709
time: 0.12032
time: 0.133892
