time: 0.0760383
time: 0.0745276
