time: 0.0851027
time: 0.0920464
time: 0.0952164
time: 0.0944881
