time: 0.0564613
time: 0.0575425
time: 0.0623761
time: 0.0792518
