time: 0.0500994
time: 0.0469482
