time: 5.63493
time: 5.77234
