time: 0.0638312
time: 0.0636164
