time: 0.224294
time: 0.240516
time: 0.250922
time: 0.243414
