time: 4.53414
time: 4.54534
time: 4.38866
time: 4.88344
