time: 0.0507323
time: 0.0550323
