time: 0.504983
time: 0.51322
