time: 4.72774
time: 4.81174
