time: 0.806694
time: 0.819929
