time: 0.0881019
time: 0.0880395
