time: 6.90423
time: 6.93561
