time: 0.049847
time: 0.0467126
