time: 0.0621213
time: 0.0642438
