time: 0.125518
time: 0.128646
time: 0.126132
time: 0.103682
