time: 1.99002
time: 2.02402
