time: 0.143645
time: 0.143744
time: 0.153832
time: 0.0716496
