time: 0.101625
time: 0.102915
