time: 0.0558298
time: 0.055062
