time: 0.215854
time: 0.230653
