time: 0.104159
time: 0.104945
