time: 0.078982
time: 0.07903
