time: 2.01485
time: 2.24056
time: 1.91577
time: 1.98416
