time: 0.0672093
time: 0.0630649
