time: 0.0563879
time: 0.057158
