time: 0.277689
time: 0.27744
time: 0.282896
time: 0.284905
