time: 0.0522373
time: 0.0505356
