time: 0.0548025
time: 0.0652016
