time: 0.0463807
time: 0.050059
