time: 2.46966
time: 2.47593
