time: 0.0404398
time: 0.0406646
