time: 0.234994
time: 0.235056
