time: 0.0555551
time: 0.0553053
