time: 0.0668504
time: 0.0602859
