time: 0.0828622
time: 0.0842062
time: 0.0837025
time: 0.0935223
