time: 0.0743174
time: 0.0735343
time: 0.0833133
time: 0.0853308
