time: 0.116705
time: 0.108608
time: 0.116534
time: 0.136667
