time: 0.112244
time: 0.116782
time: 0.114898
time: 0.121532
