time: 0.0978853
time: 0.0968484
time: 0.100371
time: 0.110584
