time: 0.0804968
time: 0.083609
