time: 4.48589
time: 4.47696
