time: 0.0640401
time: 0.0644101
time: 0.0648055
time: 0.0746627
