time: 0.63486
time: 0.639697
time: 0.725456
time: 0.773256
