time: 0.0678705
time: 0.073958
time: 0.0733127
time: 0.0759278
