time: 0.615112
time: 0.598074
