time: 0.111149
time: 0.100924
