time: 2.58043
time: 2.28458
time: 2.34317
time: 2.31882
