time: 0.398971
time: 0.413062
