time: 0.126838
time: 0.125929
time: 0.134183
time: 0.153051
