time: 0.279434
time: 0.27816
time: 0.277749
time: 0.274413
