time: 0.109862
time: 0.109283
