time: 0.136185
time: 0.135278
