time: 2.44509
time: 2.31271
