time: 4.05755
time: 4.13936
time: 4.18148
time: 4.48301
