time: 0.402704
time: 0.416528
time: 0.426337
time: 0.435313
