time: 0.602493
time: 0.64174
