time: 0.224887
time: 0.225321
time: 0.224254
time: 0.232876
