time: 0.109229
time: 0.108454
time: 0.107833
time: 0.105124
