time: 0.0967668
time: 0.0983968
