time: 1.94317
time: 1.99356
time: 2.30022
time: 2.0095
