time: 0.0508637
time: 0.0506427
