time: 0.832814
time: 1.01274
time: 1.09761
time: 1.17338
