time: 0.626469
time: 0.635923
