time: 0.143264
time: 0.14539
time: 0.148323
time: 0.167392
