time: 0.0610384
time: 0.0616793
time: 0.0670528
time: 0.0768272
