time: 0.0571711
time: 0.0539598
