time: 0.0594268
time: 0.0665075
