time: 0.0444625
time: 0.0436202
