time: 0.56163
time: 0.580815
time: 0.590436
time: 0.559296
