time: 0.0551011
time: 0.0556912
time: 0.0555383
time: 0.066876
