time: 0.112555
time: 0.104329
