time: 0.318069
time: 0.324188
