time: 0.0473134
time: 0.0476063
