time: 0.0568538
time: 0.0573185
time: 0.0616982
time: 0.0701303
