time: 0.288827
time: 0.296409
time: 0.302608
time: 0.316065
