time: 0.0695119
time: 0.0628371
time: 0.0767555
time: 0.0669802
