time: 0.0696741
time: 0.0702524
