time: 0.061616
time: 0.0537271
time: 0.0625492
time: 0.0727695
