time: 0.103692
time: 0.105386
