time: 0.137001
time: 0.127259
time: 0.13434
time: 0.153954
