time: 0.0563026
time: 0.0655085
