time: 6.96881
time: 7.24086
