time: 8.74572
time: 8.55904
time: 9.03864
time: 10.267
