time: 0.0831968
time: 0.0819412
time: 0.0778763
time: 0.0945255
