time: 0.0629294
time: 0.106239
