time: 0.053889
time: 0.0517763
