time: 0.0941809
time: 0.0941514
