time: 0.755101
time: 0.759758
time: 0.755899
time: 0.771609
