time: 0.431554
time: 0.433048
