time: 0.0778299
time: 0.0762184
time: 0.0838225
time: 0.0844797
