time: 9.09964
time: 9.09474
time: 9.10553
time: 9.12378
