time: 0.605042
time: 0.567778
time: 0.576477
time: 0.565203
