time: 0.0587864
time: 0.0628923
