time: 0.0402102
time: 0.0508958
