time: 1.81402
time: 2.03862
time: 2.06966
time: 1.84383
