time: 0.0633693
time: 0.0633017
time: 0.0671378
time: 0.0701926
