time: 0.0909488
time: 0.0898833
