time: 0.067674
time: 0.0660215
time: 0.069049
time: 0.0732962
