time: 2.64475
time: 2.32194
time: 2.36292
time: 2.37875
