time: 0.066669
time: 0.074139
