time: 0.793383
time: 0.822877
