time: 0.0518443
time: 0.0548305
time: 0.0602774
time: 0.062822
