time: 0.113716
time: 0.116403
