time: 0.0561598
time: 0.0565219
