time: 0.199359
time: 0.202031
time: 0.215173
time: 0.212389
