time: 0.0555248
time: 0.0553419
time: 0.0542515
time: 0.0647394
