time: 2.04781
time: 1.98293
time: 2.03898
time: 2.10102
