time: 0.0677637
time: 0.0708021
