time: 0.0881283
time: 0.0883248
time: 0.0887747
time: 0.0944331
