time: 0.103805
time: 0.0941788
