time: 0.0451335
time: 0.0447254
time: 0.0489787
time: 0.0548982
