time: 3.93697
time: 3.91191
