time: 0.503805
time: 0.49707
