time: 0.219399
time: 0.220204
time: 0.230387
time: 0.23545
