time: 0.0881507
time: 0.0901367
time: 0.0955269
time: 0.104519
