time: 0.0543323
time: 0.0657911
