time: 0.0966552
time: 0.088589
time: 0.0907144
time: 0.102678
