time: 0.0667324
time: 0.0670836
