time: 2.24289
time: 2.21681
