time: 0.067865
time: 0.0648938
time: 0.0680903
time: 0.0717538
