time: 0.0592306
time: 0.0582113
