time: 0.0586592
time: 0.0568788
time: 0.0609773
time: 0.0697311
