time: 1.93348
time: 2.21823
