time: 0.0575566
time: 0.0565351
