time: 0.734534
time: 1.19481
