time: 0.0594638
time: 0.0595801
