time: 0.0530561
time: 0.0622596
