time: 0.0674134
time: 0.0714131
time: 0.0712374
time: 0.0849487
