time: 2.54326
time: 2.60051
