time: 0.503085
time: 0.497232
