time: 4.01216
time: 4.31083
time: 4.33281
time: 4.21808
