time: 0.0918731
time: 0.113626
