time: 0.073386
time: 0.0818711
