time: 0.0725207
time: 0.0718762
