time: 1.64503
time: 1.69886
time: 1.72086
time: 1.84205
