time: 1.30643
time: 1.30875
time: 1.29838
time: 1.39281
