time: 0.0649244
time: 0.0648251
