time: 0.554873
time: 0.54718
