time: 0.0972828
time: 0.100358
time: 0.109287
time: 0.119002
