time: 0.36029
time: 0.380044
