time: 1.1874
time: 1.28296
time: 1.16027
time: 1.19477
