time: 1.00402
time: 1.02389
time: 0.994326
time: 0.988317
