time: 0.331244
time: 0.386163
