time: 0.0749544
time: 0.0728191
time: 0.0764411
time: 0.0835622
