time: 0.311033
time: 0.304176
