time: 0.23903
time: 0.245491
time: 0.240969
time: 0.244493
