time: 0.0743529
time: 0.0817108
