time: 0.922785
time: 0.923317
