time: 0.0616964
time: 0.0638343
time: 0.0617817
time: 0.0657688
