time: 0.122064
time: 0.115412
