time: 0.502234
time: 0.502919
time: 0.505838
time: 0.503345
