time: 3.36254
time: 3.34833
time: 3.66076
time: 3.66104
