time: 0.0673761
time: 0.0690706
time: 0.0801224
time: 0.0733032
