time: 2.52967
time: 2.55352
