time: 0.0644479
time: 0.0640752
time: 0.0695382
time: 0.0796093
