time: 0.0656369
time: 0.0648071
time: 0.0728748
time: 0.0773542
