time: 0.278723
time: 0.269779
time: 0.273389
time: 0.294069
