time: 7.65977
time: 7.16345
time: 7.22332
time: 7.03478
