time: 0.0604703
time: 0.0631338
time: 0.065116
time: 0.0640701
