time: 0.256558
time: 0.248722
