time: 0.0430635
time: 0.0549522
