time: 0.0696139
time: 0.0729338
