time: 0.0739796
time: 0.0745375
time: 0.0755967
time: 0.123298
