time: 0.369415
time: 0.362347
time: 0.370087
time: 0.382011
