time: 0.874697
time: 0.880555
