time: 0.0801137
time: 0.0809057
time: 0.0885109
time: 0.092756
