time: 0.0636214
time: 0.0639211
time: 0.0623694
time: 0.0739891
