time: 0.0626225
time: 0.0550322
