time: 0.0796097
time: 0.0803451
time: 0.0803449
time: 0.0802363
