time: 1.53184
time: 1.53457
