time: 3.74213
time: 3.66449
