time: 0.0971106
time: 0.0885156
