time: 0.0703269
time: 0.0763847
