time: 9.05628
time: 8.84644
