time: 3.78671
time: 3.77792
time: 3.77327
time: 3.89054
