time: 1.98764
time: 1.95016
