time: 0.0697647
time: 0.0697815
time: 0.0628404
time: 0.0936753
