time: 0.0660076
time: 0.0618608
time: 0.0752406
time: 0.0836469
