time: 0.0468684
time: 0.0466036
time: 0.0398202
time: 0.0601686
