time: 0.0931217
time: 0.0983546
time: 0.0901731
time: 0.101549
