time: 0.0581914
time: 0.0578058
