time: 5.37433
time: 5.51541
