time: 0.0464913
time: 0.0409807
