time: 0.750578
time: 0.789126
