time: 0.0428819
time: 0.0438577
