time: 0.0665
time: 0.0732891
time: 0.0652516
time: 0.0692316
