time: 0.0585494
time: 0.0623367
