time: 0.0965368
time: 0.0992121
