time: 0.0653634
time: 0.0635514
time: 0.0738412
time: 0.074395
