time: 0.0679279
time: 0.0644087
time: 0.0649051
time: 0.0818463
