time: 2.91848
time: 2.91695
time: 2.91834
time: 2.93564
