time: 0.0624096
time: 0.0628225
time: 0.0729335
time: 0.0751545
