time: 0.0856327
time: 0.0895014
