time: 0.109294
time: 0.101411
