time: 0.0968274
time: 0.0981809
time: 0.105925
time: 0.111078
