time: 0.0817521
time: 0.0823629
time: 0.0908151
time: 0.0933372
