time: 1.44173
time: 1.44301
time: 1.43806
time: 1.45511
