time: 0.331142
time: 0.324837
