time: 5.83461
time: 5.6376
time: 5.58215
time: 5.62727
