time: 0.0661763
time: 0.0649772
time: 0.0636764
time: 0.0722883
