time: 0.449882
time: 0.43189
