time: 0.354516
time: 0.384107
time: 0.394342
time: 0.391863
