time: 8.32502
time: 8.27973
