time: 0.0950762
time: 0.0966632
