time: 0.0528568
time: 0.0549853
time: 0.0528233
time: 0.0591963
