time: 0.0797338
time: 0.0810006
time: 0.0815419
time: 0.0958372
