time: 0.0781956
time: 0.0758014
time: 0.073529
time: 0.101144
