time: 0.0447953
time: 0.0436679
