time: 0.0490204
time: 0.0522371
