time: 0.0871212
time: 0.0865758
time: 0.0862551
time: 0.0842686
