time: 0.0889375
time: 0.0892759
time: 0.0886549
time: 0.0961422
