time: 4.02138
time: 3.94291
