time: 0.0633534
time: 0.0647287
time: 0.0667741
time: 0.0796822
