time: 0.0789348
time: 0.0821658
