time: 4.87049
time: 4.71408
