time: 0.0927868
time: 0.0811062
time: 0.0991531
time: 0.105055
