time: 4.10141
time: 4.21385
time: 4.17043
time: 4.25463
