time: 0.487651
time: 0.473949
