time: 2.82158
time: 2.85632
time: 3.15735
time: 2.9081
