time: 0.493617
time: 0.499841
