time: 0.0819473
time: 0.0778866
time: 0.0779584
time: 0.0793751
