time: 0.168352
time: 0.164806
time: 0.164143
time: 0.158029
