time: 0.383113
time: 0.554038
time: 0.583798
time: 0.61729
