time: 0.068801
time: 0.068039
time: 0.0675927
time: 0.134829
