time: 2.24439
time: 1.95223
time: 1.9473
time: 1.89014
