time: 0.0683969
time: 0.069688
