time: 0.601755
time: 0.602087
