time: 5.11898
time: 5.06761
