time: 5.14707
time: 5.13478
time: 5.14309
time: 5.15883
