time: 0.0673611
time: 0.0664305
