time: 0.781255
time: 0.806561
