time: 0.0707289
time: 0.0707466
time: 0.0778868
time: 0.0888721
