time: 0.0565187
time: 0.0519752
