time: 0.0610122
time: 0.0657437
