time: 0.156881
time: 0.159796
time: 0.178589
time: 0.167837
