time: 7.96661
time: 8.16771
