time: 0.0584631
time: 0.0606315
