time: 2.96401
time: 2.96773
