time: 0.0593535
time: 0.07005
