time: 2.84062
time: 2.83861
