time: 0.0788487
time: 0.0801325
