time: 1.61564
time: 1.61542
