time: 0.0426722
time: 0.05104
