time: 0.533352
time: 0.545524
