time: 0.0856333
time: 0.0940705
time: 0.102532
time: 0.0944149
