time: 0.063097
time: 0.0636474
time: 0.0695616
time: 0.071986
