time: 0.0777368
time: 0.0766832
