time: 0.0556711
time: 0.0547504
time: 0.0551642
time: 0.0699066
