time: 0.250645
time: 0.242305
time: 0.250445
time: 0.249674
