time: 0.0756663
time: 0.0748244
time: 0.0746906
time: 0.07806
