time: 0.0579458
time: 0.0521337
