time: 0.0849069
time: 0.0880545
