time: 0.493718
time: 0.508146
