time: 0.0572051
time: 0.0578501
time: 0.0639324
time: 0.075007
