time: 0.0453542
time: 0.0560162
