time: 0.109359
time: 0.103556
