time: 0.0618704
time: 0.0681266
