time: 1.14234
time: 1.15742
