time: 0.0571982
time: 0.0564482
time: 0.0664056
time: 0.112523
