time: 0.0593339
time: 0.05497
