time: 0.0557855
time: 0.0545115
