time: 0.0686221
time: 0.0608875
