time: 0.0725704
time: 0.0764177
