time: 0.146405
time: 0.146217
