time: 8.50935
time: 8.48449
time: 8.53592
time: 9.24421
