time: 0.0805543
time: 0.0832708
