time: 0.379856
time: 0.376311
