time: 0.0567755
time: 0.0566463
time: 0.0567855
time: 0.0687013
