time: 0.10206
time: 0.108637
time: 0.112157
time: 0.112969
