time: 0.0494997
time: 0.0490523
