time: 0.0702806
time: 0.0697103
time: 0.0641025
time: 0.081466
