time: 0.0643783
time: 0.06135
time: 0.0613813
time: 0.0565417
