time: 0.11194
time: 0.11541
time: 0.111193
time: 0.123712
