time: 0.0733699
time: 0.0817514
