time: 0.10739
time: 0.0969303
