time: 0.0569723
time: 0.0494047
