time: 0.0600068
time: 0.060493
time: 0.0606943
time: 0.0824959
