time: 0.535704
time: 0.507767
time: 0.517202
time: 0.508117
