time: 0.0611531
time: 0.0616004
time: 0.0675415
time: 0.0795459
