time: 0.653229
time: 0.654132
time: 0.643465
time: 0.669516
