time: 0.20774
time: 0.209174
time: 0.212516
time: 0.218658
