time: 1.24934
time: 1.24814
