time: 7.44131
time: 7.53546
