time: 0.0581311
time: 0.0525208
time: 0.059215
time: 0.0698637
