time: 0.187981
time: 0.187771
time: 0.188479
time: 0.188857
