time: 0.271397
time: 0.270397
time: 0.271033
time: 0.260136
