time: 0.133342
time: 0.130112
time: 0.143148
time: 0.163303
