time: 0.0551962
time: 0.0548225
time: 0.0577868
time: 0.0667275
