time: 0.0671772
time: 0.0671071
time: 0.0693626
time: 0.0776235
