time: 1.10416
time: 1.10511
time: 1.10213
time: 1.10975
