time: 0.0582908
time: 0.057627
time: 0.0624249
time: 0.0765233
