time: 0.068673
time: 0.0718808
time: 0.0755246
time: 0.0720512
