time: 0.0786124
time: 0.0990867
