time: 0.0913747
time: 0.0870215
time: 0.0875719
time: 0.104611
