time: 0.114409
time: 0.123812
