time: 0.660286
time: 0.658276
time: 0.674724
time: 0.657801
