time: 0.0822252
time: 0.0836974
