time: 0.961846
time: 1.03395
