time: 0.09454
time: 0.0858879
time: 0.100219
time: 0.10489
