time: 0.19414
time: 0.188115
time: 0.184175
time: 0.202094
