time: 0.0904661
time: 0.0557366
time: 0.0906466
time: 0.102728
