time: 0.531613
time: 0.524269
