time: 0.64058
time: 0.676228
time: 0.674727
time: 0.669317
