time: 1.93699
time: 1.93897
