time: 0.472442
time: 0.461097
