time: 0.331173
time: 0.331066
time: 0.309063
time: 0.332278
