time: 2.95369
time: 3.08488
