time: 0.0622555
time: 0.0645469
time: 0.0624099
time: 0.0676768
