time: 0.0651109
time: 0.0663592
time: 0.0738524
time: 0.0776993
