time: 1.20776
time: 1.27902
