time: 0.0860726
time: 0.0957436
time: 0.106301
time: 0.120623
