time: 0.0572076
time: 0.0647555
