time: 0.0672119
time: 0.0595274
time: 0.0654461
time: 0.0753677
