time: 0.241902
time: 0.256159
time: 0.256266
time: 0.275757
