time: 0.0457766
time: 0.0560991
