time: 0.0773382
time: 0.0761451
time: 0.0858464
time: 0.0804746
