time: 0.0478982
time: 0.048698
