time: 0.0836366
time: 0.0785631
time: 0.0777257
time: 0.0776408
