time: 0.04414
time: 0.0520242
