time: 0.325065
time: 0.338597
