time: 0.306246
time: 0.302531
