time: 0.0785687
time: 0.0813264
