time: 1.38502
time: 1.51084
