time: 0.158157
time: 0.147246
time: 0.143106
time: 0.149188
