time: 0.0908745
time: 0.0928789
