time: 0.43578
time: 0.418352
