time: 0.414461
time: 0.439559
