time: 0.742229
time: 0.73721
time: 0.74478
time: 0.757015
