time: 0.77723
time: 0.787209
time: 0.786579
time: 0.808433
