time: 0.0637032
time: 0.0672565
