time: 7.76122
time: 7.90858
