time: 2.05566
time: 2.11544
