time: 0.0694812
time: 0.069787
time: 0.0701722
time: 0.0802619
