time: 0.0781515
time: 0.0791201
