time: 0.398606
time: 0.422429
