time: 0.0477972
time: 0.0472111
time: 0.0552148
time: 0.0546367
