time: 0.0907258
time: 0.089013
time: 0.0901274
time: 0.101635
