time: 0.169508
time: 0.167126
time: 0.166272
time: 0.182982
