time: 0.061892
time: 0.0617179
time: 0.0738073
time: 0.0710088
