time: 0.0685586
time: 0.0686428
time: 0.0712424
time: 0.070785
