time: 0.303887
time: 0.307913
time: 0.307069
time: 0.313968
