time: 0.103701
time: 0.105068
