time: 0.218363
time: 0.224958
