time: 0.11266
time: 0.110651
