time: 2.33203
time: 2.32071
time: 2.33222
time: 2.52933
