time: 0.263887
time: 0.273452
time: 0.288241
time: 0.276854
