time: 0.0675548
time: 0.0649816
time: 0.0657735
time: 0.100429
