time: 0.119494
time: 0.119381
time: 0.119157
time: 0.122276
