time: 0.631494
time: 0.624228
