time: 9.88239
time: 9.88344
time: 9.88638
time: 9.89017
