time: 0.055477
time: 0.0575074
