time: 0.0481906
time: 0.0542185
