time: 0.294349
time: 0.302506
time: 0.313121
time: 0.312922
