time: 0.0657739
time: 0.0669417
time: 0.0656947
time: 0.0727372
