time: 0.0704839
time: 0.0707804
