time: 0.0904711
time: 0.110404
time: 0.111129
time: 0.0949939
