time: 0.586769
time: 0.565551
