time: 0.101324
time: 0.105657
