time: 4.64319
time: 4.65022
time: 4.15228
time: 4.10487
