time: 0.0544867
time: 0.0552579
time: 0.0622942
time: 0.0781072
