time: 0.464184
time: 0.492113
time: 0.463316
time: 0.467158
