time: 0.127311
time: 0.127181
time: 0.127564
time: 0.100509
