time: 2.88578
time: 2.75626
