time: 0.0538556
time: 0.0556787
time: 0.0548636
time: 0.0556901
