time: 0.0837087
time: 0.0790979
