time: 5.05003
time: 5.20206
