time: 0.0551992
time: 0.058614
