time: 2.10203
time: 2.11693
