time: 0.0480452
time: 0.0527294
