time: 0.123151
time: 0.13364
