time: 0.140208
time: 0.140622
time: 0.134793
time: 0.138741
