time: 0.0438852
time: 0.0487456
