time: 0.655435
time: 0.699908
time: 0.697595
time: 0.79782
