time: 0.0634482
time: 0.059923
time: 0.0732824
time: 0.0827301
