time: 0.0698323
time: 0.0682387
