time: 0.0819995
time: 0.0899501
time: 0.0885923
time: 0.0942692
