time: 0.0508328
time: 0.0527908
