time: 0.72199
time: 0.718511
