time: 0.0619135
time: 0.0622961
