time: 0.534242
time: 0.562162
