time: 0.054416
time: 0.0547039
time: 0.0665823
time: 0.0628276
