time: 0.0429583
time: 0.0458265
