time: 0.0776499
time: 0.0732509
time: 0.0767764
time: 0.0870014
