time: 0.0719998
time: 0.072321
time: 0.073902
time: 0.0909106
