time: 0.0591662
time: 0.0563717
