time: 0.465145
time: 0.471391
