time: 0.0958275
time: 0.0952595
