time: 0.0617773
time: 0.0667573
time: 0.0598053
time: 0.0688052
