time: 0.0641089
time: 0.056651
time: 0.0670086
time: 0.0906614
