time: 0.0473316
time: 0.0485833
