time: 0.895114
time: 0.930959
