time: 0.0872491
time: 0.0860979
time: 0.0962906
time: 0.125207
