time: 0.968982
time: 0.980204
time: 0.984454
time: 0.96916
