time: 0.841779
time: 0.94603
