time: 0.104711
time: 0.0969657
