time: 0.182625
time: 0.188724
