time: 4.75746
time: 4.74267
