time: 0.0733651
time: 0.0735941
time: 0.0736886
time: 0.0773484
