time: 0.0769571
time: 0.0857244
