time: 0.326219
time: 0.362301
