time: 0.339172
time: 0.355232
time: 0.368296
time: 0.367459
