time: 0.388692
time: 0.392926
