time: 0.307094
time: 0.306868
time: 0.320755
time: 0.336207
