time: 0.0678715
time: 0.0712539
time: 0.0703345
time: 0.077465
