time: 0.24079
time: 0.24006
