time: 0.064694
time: 0.0648865
time: 0.0653252
time: 0.077789
