time: 0.0557747
time: 0.0627339
