time: 0.0499831
time: 0.0523039
