time: 0.654927
time: 0.661506
time: 0.693336
time: 0.746194
