time: 0.0728301
time: 0.0635955
