time: 0.0575324
time: 0.0576383
time: 0.06555
time: 0.0765356
