time: 0.0686203
time: 0.0697983
time: 0.0683186
time: 0.0808981
