time: 0.0602714
time: 0.0629774
