time: 0.81402
time: 0.813785
