time: 0.286703
time: 0.286689
time: 0.285702
time: 0.297181
