time: 0.693776
time: 0.66647
