time: 0.0578977
time: 0.0582084
time: 0.05523
time: 0.0770763
