time: 0.0863966
time: 0.0857964
time: 0.0951029
time: 0.0962708
