time: 0.319684
time: 0.325456
