time: 2.43619
time: 2.14972
time: 2.20667
time: 2.24901
