time: 0.14062
time: 0.134636
