time: 3.37773
time: 3.1404
time: 3.28764
time: 3.18289
