time: 0.0895279
time: 0.0853176
