time: 0.11353
time: 0.113489
time: 0.118147
time: 0.11561
