time: 1.26197
time: 1.71363
