time: 0.0724573
time: 0.073184
time: 0.0743002
time: 0.073448
