time: 0.221847
time: 0.225032
