time: 0.0586653
time: 0.0676114
