time: 0.0505501
time: 0.058169
