time: 0.265394
time: 0.278208
