time: 0.068166
time: 0.0708381
