time: 1.57701
time: 1.65356
