time: 0.0567244
time: 0.0666308
