time: 0.627613
time: 0.613242
