time: 0.0924791
time: 0.102286
