time: 0.0361596
time: 0.0435695
