time: 9.22634
time: 8.38312
