time: 0.446705
time: 0.443135
