time: 0.0520879
time: 0.0578881
time: 0.0526781
time: 0.0678282
