time: 0.073208
time: 0.0724218
time: 0.0748147
time: 0.0967526
