time: 0.0442946
time: 0.0438514
