time: 0.0901852
time: 0.08397
