time: 3.09003
time: 3.06409
