time: 0.0559513
time: 0.0546469
time: 0.0587189
time: 0.0677349
