time: 0.521249
time: 0.532831
time: 0.526971
time: 0.580454
