time: 0.813099
time: 0.782738
