time: 0.0516956
time: 0.0530675
