time: 0.0604828
time: 0.0654766
time: 0.0711888
time: 0.0763932
