time: 0.0487053
time: 0.0465074
