time: 0.0560422
time: 0.0537168
