time: 4.13178
time: 4.16192
