time: 0.449134
time: 0.466611
time: 0.467299
time: 0.465797
