time: 0.270149
time: 0.285585
time: 0.268094
time: 0.275782
