time: 0.338365
time: 0.641835
