time: 0.0436334
time: 0.0436229
time: 0.054426
time: 0.0469795
