time: 0.262015
time: 0.259361
