time: 0.0612354
time: 0.0602575
time: 0.0663175
time: 0.0828621
