time: 0.0596727
time: 0.0588931
