time: 0.0432144
time: 0.0433586
