time: 0.0917643
time: 0.0925532
time: 0.0920372
time: 0.109265
