time: 0.05406
time: 0.0547792
