time: 1.47046
time: 1.47334
