time: 0.100522
time: 0.105148
time: 0.108997
time: 0.106948
