time: 0.0491969
time: 0.0497225
time: 0.0547413
time: 0.062393
