time: 0.090305
time: 0.0864456
