time: 0.231074
time: 0.239253
time: 0.243884
time: 0.240538
