time: 0.252719
time: 0.263362
