time: 0.480347
time: 0.476429
