time: 0.0869911
time: 0.0863281
time: 0.0938409
time: 0.0940142
