time: 0.0923817
time: 0.0929077
time: 0.097327
time: 0.0903635
