time: 0.238878
time: 0.230879
