time: 0.050931
time: 0.0565488
