time: 1.68553
time: 1.67575
time: 1.69313
time: 1.70809
