time: 0.264301
time: 0.274017
