time: 0.146106
time: 0.15641
