time: 0.0641016
time: 0.0665795
time: 0.0645115
time: 0.0773569
