time: 0.123786
time: 0.131006
