time: 3.08668
time: 3.07742
