time: 0.0657104
time: 0.0612525
