time: 3.13203
time: 2.95254
