time: 0.146897
time: 0.149845
time: 0.144025
time: 0.170512
