time: 0.0609638
time: 0.0549526
