time: 0.0543154
time: 0.06146
