time: 0.0744489
time: 0.0798382
