time: 0.201853
time: 0.209362
