time: 0.216642
time: 0.213875
