time: 0.0496224
time: 0.0497468
time: 0.0517299
time: 0.0567524
