time: 0.129054
time: 0.127757
