time: 0.0571036
time: 0.0658337
