time: 0.223266
time: 0.225539
time: 0.218558
time: 0.261169
