time: 0.0924558
time: 0.102647
