time: 0.107187
time: 0.107735
