time: 0.0725049
time: 0.0696027
time: 0.0812173
time: 0.0913038
