time: 0.137164
time: 0.127746
