time: 0.470668
time: 0.480068
