time: 0.081126
time: 0.0799659
time: 0.0819291
time: 0.102196
