time: 0.0793323
time: 0.0802737
time: 0.0790963
time: 0.0899105
