time: 0.0567991
time: 0.0568349
