time: 0.0665883
time: 0.0758062
