time: 0.316085
time: 0.33626
time: 0.32415
time: 0.337337
