time: 2.94061
time: 2.75807
time: 2.78228
time: 2.82868
