time: 0.141596
time: 0.149305
