time: 1.16102
time: 1.15655
