time: 0.0673151
time: 0.0662327
