time: 0.0789803
time: 0.0843267
time: 0.0793577
time: 0.084471
