time: 6.70274
time: 6.92694
