time: 0.0909684
time: 0.092715
