time: 0.267861
time: 0.276295
time: 0.278131
time: 0.268912
