time: 0.827361
time: 0.826354
