time: 0.0589254
time: 0.0612888
