time: 0.0973955
time: 0.103956
time: 0.102762
time: 0.111968
