time: 2.89436
time: 2.93713
