time: 0.061606
time: 0.0616094
time: 0.075038
time: 0.0942993
