time: 0.319439
time: 0.317862
