time: 0.0969317
time: 0.0979857
