time: 0.0716197
time: 0.0713897
time: 0.0710651
time: 0.0967442
