time: 0.101114
time: 0.100537
time: 0.106327
time: 0.120603
