time: 0.0826629
time: 0.0807061
time: 0.0838676
time: 0.102671
