time: 0.0552461
time: 0.0525795
