time: 4.84942
time: 4.87608
time: 4.29492
time: 4.12966
