time: 0.0689623
time: 0.060461
time: 0.0618849
time: 0.055551
