time: 0.0515163
time: 0.0515714
