time: 0.09457
time: 0.0939471
time: 0.0936248
time: 0.110765
