time: 0.0901975
time: 0.0876842
time: 0.0916696
time: 0.0996293
