time: 0.475919
time: 0.459804
time: 0.494122
time: 0.466359
