time: 6.14777
time: 6.16503
