time: 8.93928
time: 8.5205
time: 8.49041
time: 8.9522
