time: 0.0631071
time: 0.0741181
time: 0.0627279
time: 0.0704761
