time: 0.58297
time: 0.575445
time: 0.576022
time: 0.587674
