time: 0.107181
time: 0.106104
