time: 0.480359
time: 0.479703
