time: 0.0578826
time: 0.0568558
time: 0.0677798
time: 0.0688376
