time: 0.0806874
time: 0.0800343
time: 0.0803816
time: 0.0862714
