time: 1.27045
time: 1.29117
time: 1.355
time: 1.38108
