time: 0.0580034
time: 0.0584251
time: 0.0659128
time: 0.0808668
