time: 0.0620484
time: 0.0703029
