time: 0.121788
time: 0.11419
time: 0.119838
time: 0.10279
