time: 0.908088
time: 0.904609
