time: 1.95198
time: 1.91738
