time: 0.0790394
time: 0.0807155
time: 0.0813493
time: 0.0933903
