time: 0.273079
time: 0.273298
time: 0.281601
time: 0.292897
