time: 0.49916
time: 0.477992
time: 0.474504
time: 0.487853
