time: 0.0687171
time: 0.0712107
