time: 0.0554853
time: 0.0551842
time: 0.0614679
time: 0.0654816
