time: 0.0721473
time: 0.0641264
