time: 0.981875
time: 0.950226
