time: 1.08645
time: 1.08108
