time: 0.0736188
time: 0.070278
