time: 0.590176
time: 0.587208
time: 0.589072
time: 0.603009
