time: 0.639562
time: 0.683594
