time: 0.314682
time: 0.350938
