time: 0.281079
time: 0.291594
