time: 0.080337
time: 0.0896305
time: 0.0908936
time: 0.105862
