time: 0.0578123
time: 0.0580875
time: 0.0565921
time: 0.0678573
