time: 0.0759695
time: 0.0672177
