time: 0.0585241
time: 0.06122
