time: 0.0921529
time: 0.0912384
time: 0.0979637
time: 0.109028
