time: 5.19113
time: 5.27168
