time: 0.250643
time: 0.260933
