time: 0.0778569
time: 0.0791649
