time: 0.110616
time: 0.113945
time: 0.113578
time: 0.125635
