time: 0.089949
time: 0.0890094
time: 0.0830567
time: 0.0920979
