time: 0.133369
time: 0.136578
