time: 0.0674838
time: 0.0730253
time: 0.0702216
time: 0.0816527
