time: 1.05063
time: 1.01518
time: 1.02739
time: 1.06726
