time: 0.121654
time: 0.120454
time: 0.118023
time: 0.156254
