time: 0.48918
time: 0.500146
