time: 0.0714406
time: 0.0756821
