time: 0.0784514
time: 0.0877221
