time: 3.86995
time: 3.86998
