time: 2.90559
time: 2.68614
