time: 0.0581915
time: 0.0500614
