time: 1.1136
time: 1.21588
time: 1.22072
time: 1.15259
