time: 0.0539995
time: 0.052203
