time: 0.0785749
time: 0.0783863
