time: 0.0494293
time: 0.0584116
