time: 1.37567
time: 1.53613
