time: 0.0791225
time: 0.0794668
