time: 0.532849
time: 0.548176
