time: 5.48142
time: 5.48287
time: 5.52379
time: 4.99272
