time: 0.520182
time: 0.51467
time: 0.52802
time: 0.589712
