time: 0.231857
time: 0.229923
