time: 0.051196
time: 0.0512718
