time: 0.914875
time: 0.907985
