time: 0.460969
time: 0.47921
