time: 0.048043
time: 0.0516215
