time: 0.0573067
time: 0.0557999
