time: 0.0609428
time: 0.0589558
time: 0.0669706
time: 0.0818887
