time: 2.28154
time: 2.30626
time: 2.30776
time: 2.32298
