time: 1.91296
time: 1.90257
