time: 0.131656
time: 0.136761
