time: 0.0637259
time: 0.0691295
