time: 0.0464261
time: 0.0533129
