time: 0.0541496
time: 0.0559217
