time: 5.45328
time: 5.64662
time: 5.85492
time: 5.95462
