time: 0.090979
time: 0.0924085
time: 0.0834008
time: 0.100906
