time: 0.338587
time: 0.330167
time: 0.332901
time: 0.376852
