time: 0.0652599
time: 0.0691974
