time: 0.049943
time: 0.0538373
