time: 0.0826535
time: 0.077887
