time: 0.130365
time: 0.122747
