time: 0.0899064
time: 0.0911663
