time: 0.06899
time: 0.0671022
time: 0.0667587
time: 0.0831056
