time: 0.0506087
time: 0.0592353
time: 0.045294
time: 0.0571658
