time: 0.892626
time: 0.887612
time: 0.896727
time: 0.901181
