time: 0.23791
time: 0.248685
time: 0.23761
time: 0.245304
