time: 0.0456983
time: 0.0478996
