time: 0.0736221
time: 0.071971
time: 0.0740957
time: 0.0779615
