time: 2.24087
time: 2.59501
time: 2.36638
time: 2.32445
