time: 0.0678504
time: 0.0668718
time: 0.0665888
time: 0.0818139
