time: 2.25198
time: 2.2275
time: 2.26448
time: 2.29515
