time: 0.090298
time: 0.0828243
time: 0.0899612
time: 0.0932874
