time: 0.162219
time: 0.144278
