time: 3.7958
time: 3.79774
time: 4.12539
time: 3.83565
