time: 1.19153
time: 1.19895
