time: 0.0533567
time: 0.0528364
