time: 0.0911468
time: 0.0933337
time: 0.0896836
time: 0.110858
