time: 6.74605
time: 6.77491
