time: 0.0517259
time: 0.046155
