time: 1.03858
time: 1.07306
