time: 5.89913
time: 5.92443
time: 5.92441
time: 5.95929
