time: 0.0666858
time: 0.0646808
