time: 0.223998
time: 0.234228
