time: 0.0861545
time: 0.0869184
time: 0.0891629
time: 0.0887991
