time: 0.0482833
time: 0.0497491
