time: 0.462985
time: 0.468048
time: 0.487479
time: 0.715314
