time: 0.091149
time: 0.0922242
