time: 0.75886
time: 0.763304
