time: 0.089992
time: 0.0893402
time: 0.0907979
time: 0.107193
