time: 0.0630484
time: 0.0550375
time: 0.0552227
time: 0.0690542
