time: 0.0708805
time: 0.0746103
