time: 0.0712837
time: 0.0728194
time: 0.0809057
time: 0.0746164
