time: 0.0547233
time: 0.0538444
