time: 0.0831238
time: 0.0828528
time: 0.0827893
time: 0.0957397
