time: 1.61441
time: 1.65081
time: 1.71804
time: 1.75082
