time: 0.280663
time: 0.27269
