time: 0.0710042
time: 0.068929
time: 0.0705621
time: 0.070119
