time: 0.0545692
time: 0.049713
