time: 0.0442461
time: 0.0447885
