time: 0.0631321
time: 0.0572435
