time: 0.0519188
time: 0.055866
