time: 1.26606
time: 1.26464
time: 1.27409
time: 1.27738
