time: 0.287527
time: 0.386759
