time: 0.0571354
time: 0.058851
