time: 0.053014
time: 0.0542626
