time: 0.105878
time: 0.104687
