time: 4.52981
time: 4.65883
