time: 0.340907
time: 0.349757
