time: 6.38524
time: 6.45105
time: 5.82585
time: 5.8683
