time: 0.0566315
time: 0.065431
