time: 0.0662656
time: 0.0675813
time: 0.0668897
time: 0.0865329
