time: 0.281958
time: 0.286625
