time: 2.29787
time: 2.27906
