time: 0.0548986
time: 0.0545269
