time: 0.282939
time: 0.280373
