time: 0.512522
time: 0.529945
