time: 0.143122
time: 0.143793
