time: 0.047126
time: 0.050323
time: 0.0524227
time: 0.0587108
