time: 0.553862
time: 0.547766
