time: 0.0746904
time: 0.0821338
