time: 0.944901
time: 0.964838
time: 0.958198
time: 0.978356
