time: 0.099341
time: 0.103683
