time: 0.107716
time: 0.101605
time: 0.118985
time: 0.122124
