time: 0.518774
time: 0.533798
