time: 1.29165
time: 1.30037
time: 1.41959
time: 1.42313
