time: 0.243603
time: 0.295492
time: 0.340034
time: 0.353453
