time: 0.182625
time: 0.182527
time: 0.183645
time: 0.193227
