time: 0.104102
time: 0.102526
time: 0.104086
time: 0.115763
