time: 3.11411
time: 2.88545
time: 2.89193
time: 3.14275
