time: 0.0956271
time: 0.093204
time: 0.0952029
time: 0.0961401
