time: 0.0461378
time: 0.0451111
