time: 0.596188
time: 0.616419
