time: 0.0965478
time: 0.0961536
