time: 0.478331
time: 0.934101
