time: 0.0461647
time: 0.04775
