time: 0.0672081
time: 0.0678115
time: 0.0673805
time: 0.0773023
