time: 0.0783377
time: 0.0794335
time: 0.0788306
time: 0.0849476
