time: 0.0595999
time: 0.0530847
