time: 0.0638187
time: 0.0637525
time: 0.0700095
time: 0.0767183
