time: 0.123379
time: 0.116967
time: 0.133032
time: 0.141654
