time: 0.0945286
time: 0.0961923
time: 0.101078
time: 0.107418
