time: 1.05421
time: 1.07077
