time: 9.12869
time: 9.41514
time: 9.16986
time: 9.3653
