time: 0.0538671
time: 0.0544103
