time: 0.0669744
time: 0.0697651
