time: 0.0949355
time: 0.090749
time: 0.0875441
time: 0.105497
