time: 0.0589634
time: 0.0630326
