time: 0.113627
time: 0.110599
