time: 1.00314
time: 0.980915
