time: 2.33164
time: 2.09254
time: 2.07436
time: 2.33845
