time: 2.29647
time: 2.35801
