time: 7.46128
time: 8.73637
