time: 0.0530972
time: 0.0530243
time: 0.0532565
time: 0.0612828
