time: 0.0646863
time: 0.0638258
time: 0.0625492
time: 0.0657183
