time: 0.0897004
time: 0.0882452
time: 0.0873223
time: 0.0909644
