time: 0.310122
time: 0.32739
