time: 0.0571933
time: 0.0655532
