time: 0.558016
time: 0.566116
time: 0.571729
time: 0.55912
