time: 0.583702
time: 0.604651
