time: 0.0554007
time: 0.056043
time: 0.0579446
time: 0.0709423
