time: 0.238493
time: 0.228185
