time: 0.0918302
time: 0.0922162
time: 0.0925846
time: 0.115701
