time: 0.0616327
time: 0.0595562
time: 0.0617702
time: 0.0663864
