time: 0.0883322
time: 0.10009
time: 0.10531
time: 0.0948694
