time: 0.370849
time: 0.361661
time: 0.363867
time: 0.382045
