time: 0.0964551
time: 0.0999624
