time: 0.999602
time: 1.01296
time: 1.01922
time: 1.15128
