time: 0.0657532
time: 0.0599961
