time: 0.0850233
time: 0.0833009
time: 0.0836476
time: 0.0992295
