time: 0.240438
time: 0.242116
