time: 0.091965
time: 0.0932683
time: 0.091364
time: 0.101466
