time: 0.0817689
time: 0.0770097
