time: 0.452844
time: 0.44971
time: 0.47111
time: 0.458301
