time: 4.64771
time: 4.07674
time: 4.12228
time: 3.94819
