time: 0.692226
time: 0.684648
time: 0.67104
time: 0.695846
