time: 0.0731007
time: 0.0743618
