time: 1.69183
time: 1.69033
