time: 0.908187
time: 0.897202
