time: 0.0708233
time: 0.0757491
