time: 0.53687
time: 0.544548
time: 0.543739
time: 0.560489
