time: 0.0602975
time: 0.0615075
time: 0.0678995
time: 0.117261
