time: 5.85969
time: 5.89292
