time: 0.0736003
time: 0.07403
time: 0.0759814
time: 0.0895015
