time: 0.184876
time: 0.187989
