time: 2.56652
time: 2.56777
time: 2.57576
time: 2.71358
