time: 0.0806646
time: 0.0803736
