time: 0.0868757
time: 0.0805788
