time: 0.0677909
time: 0.0766914
