time: 2.25406
time: 2.27738
