time: 0.0418612
time: 0.0578273
time: 0.0478706
time: 0.0461156
