time: 0.0648258
time: 0.0904029
time: 0.0907937
time: 0.104707
