time: 0.776875
time: 0.749634
time: 0.761315
time: 0.770093
