time: 0.09078
time: 0.0937846
time: 0.105896
time: 0.0952385
