time: 0.0804013
time: 0.0819768
