time: 0.540127
time: 0.527452
time: 0.560656
time: 0.530462
