time: 0.0881792
time: 0.089765
time: 0.0927922
time: 0.0925518
