time: 0.901166
time: 0.923945
