time: 0.0711889
time: 0.0701766
time: 0.0711106
time: 0.0969418
