time: 0.0906796
time: 0.0906469
time: 0.0901049
time: 0.103558
