time: 1.13068
time: 1.13656
