time: 0.291629
time: 0.293921
time: 0.282185
time: 0.300058
