time: 0.275268
time: 0.269538
