time: 0.170547
time: 0.190304
