time: 0.417285
time: 0.450179
