time: 0.104547
time: 0.103309
time: 0.11573
time: 0.124278
