time: 0.286827
time: 0.289736
time: 0.285765
time: 0.292937
