time: 2.50408
time: 2.20606
time: 2.20985
time: 2.22163
