time: 0.49432
time: 0.487308
