time: 0.0563758
time: 0.0525951
