time: 1.95558
time: 2.22706
