time: 0.0597325
time: 0.0668259
