time: 0.0512817
time: 0.0450903
