time: 0.0531971
time: 0.0561125
