time: 0.0755689
time: 0.0839301
time: 0.0763443
time: 0.10451
