time: 0.567613
time: 0.526028
time: 0.520221
time: 0.566273
