time: 5.76229
time: 5.76154
