time: 0.0567225
time: 0.0672514
time: 0.0573221
time: 0.0606879
