time: 0.0676599
time: 0.0657981
