time: 0.0641483
time: 0.0663639
time: 0.0696194
time: 0.0706809
