time: 0.0874482
time: 0.093846
