time: 0.354291
time: 0.370387
time: 0.375879
time: 0.398597
