time: 9.18626
time: 9.32959
