time: 0.614191
time: 0.622203
time: 0.59674
time: 0.649225
