time: 0.521554
time: 0.548633
