time: 0.211742
time: 0.21981
