time: 0.0560576
time: 0.0566778
time: 0.0598765
time: 0.0599496
