time: 0.0610939
time: 0.0690853
