time: 0.0952956
time: 0.096005
