time: 4.04508
time: 3.98887
