time: 0.0579285
time: 0.057918
time: 0.0703702
time: 0.055039
