time: 0.10938
time: 0.104087
time: 0.109982
time: 0.102112
