time: 0.0546618
time: 0.0591484
