time: 0.0660066
time: 0.0662243
time: 0.0716995
time: 0.085146
