time: 0.806905
time: 0.828618
