time: 0.0663705
time: 0.0765871
time: 0.0686453
time: 0.0795881
