time: 0.100655
time: 0.0993584
time: 0.114774
time: 0.104591
