time: 0.108318
time: 0.109647
