time: 0.124273
time: 0.121032
time: 0.125244
time: 0.133946
