time: 0.520781
time: 0.539125
time: 0.573517
time: 0.560265
