time: 2.19233
time: 2.18331
