time: 0.147595
time: 0.15479
