time: 5.55842
time: 5.53553
