time: 0.749406
time: 0.788836
