time: 0.054972
time: 0.0560793
