time: 0.0918775
time: 0.100226
