time: 0.0739765
time: 0.0782674
