time: 0.0350167
time: 0.0363268
