time: 0.0825058
time: 0.0710232
