time: 2.30968
time: 2.43035
