time: 0.0672771
time: 0.0657189
