time: 0.0524031
time: 0.0563862
time: 0.0537089
time: 0.0692045
