time: 4.59859
time: 4.6038
time: 4.61424
time: 4.61078
