time: 0.295708
time: 0.286272
time: 0.299723
time: 0.302167
