time: 0.130046
time: 0.129021
time: 0.139994
time: 0.142255
