time: 0.0431526
time: 0.0496814
time: 0.0567085
time: 0.0428758
