time: 4.09898
time: 4.00853
time: 4.13693
time: 4.4786
