time: 0.101469
time: 0.101343
time: 0.1127
time: 0.101084
