time: 1.11202
time: 1.12255
