time: 0.493725
time: 0.496777
time: 0.48788
time: 0.505372
