time: 0.0549361
time: 0.0513206
