time: 0.066792
time: 0.0645095
time: 0.0642804
time: 0.0675972
