time: 0.054367
time: 0.0610333
