time: 0.096016
time: 0.100012
time: 0.0949418
time: 0.115127
