time: 1.39875
time: 1.31275
time: 1.3138
time: 1.30607
