time: 0.115508
time: 0.114701
time: 0.113475
time: 0.121455
