time: 0.055482
time: 0.0742108
time: 0.0944001
time: 0.0921041
