time: 0.473345
time: 0.625056
time: 0.62418
time: 0.749778
