time: 2.72113
time: 2.50813
time: 2.54886
time: 2.47377
