time: 0.0587668
time: 0.0672913
