time: 1.02028
time: 1.04427
