time: 0.0630332
time: 0.0619809
time: 0.0639063
time: 0.0719692
