time: 0.0831142
time: 0.0824829
time: 0.0832522
time: 0.13115
