time: 0.102295
time: 0.101228
