time: 0.0939516
time: 0.0944761
time: 0.0952018
time: 0.114572
