time: 2.48579
time: 2.25436
