time: 0.0771734
time: 0.0721281
