time: 0.0522922
time: 0.054943
