time: 0.0501559
time: 0.0527796
