time: 3.53305
time: 3.94901
