time: 0.0898411
time: 0.0860785
