time: 0.106235
time: 0.102786
time: 0.106402
time: 0.124861
