time: 0.0853291
time: 0.0875987
time: 0.0816167
time: 0.0847951
