time: 0.105965
time: 0.100343
