time: 0.0685726
time: 0.0756291
time: 0.0675416
time: 0.0732105
