time: 0.46873
time: 0.472339
time: 0.505419
time: 0.483937
