time: 0.098949
time: 0.0998834
time: 0.0997698
time: 0.127417
