time: 0.443145
time: 0.471687
time: 0.50911
time: 0.593951
