time: 0.0935457
time: 0.08986
