time: 0.596473
time: 0.617567
time: 0.624769
time: 0.646821
