time: 0.0492577
time: 0.0507909
