time: 0.273057
time: 0.270219
time: 0.270515
time: 0.281184
