time: 0.0973914
time: 0.0984941
