time: 0.38237
time: 0.420443
