time: 0.125264
time: 0.123414
