time: 0.597344
time: 0.609903
time: 0.600345
time: 0.629173
