time: 0.0583666
time: 0.0574456
