time: 0.0529589
time: 0.067413
time: 0.0550643
time: 0.0598723
