time: 0.0699249
time: 0.0759061
time: 0.066869
time: 0.0899978
