time: 0.0580664
time: 0.0586243
time: 0.052641
time: 0.0780238
