time: 0.0788793
time: 0.0688139
