time: 0.0609906
time: 0.0708056
time: 0.0653895
time: 0.07993
