time: 0.0603506
time: 0.0672635
