time: 0.0798367
time: 0.0855259
