time: 0.0529701
time: 0.0575406
time: 0.0615401
time: 0.0711249
