time: 0.0621318
time: 0.0628214
time: 0.0673155
time: 0.0702499
