time: 0.0850374
time: 0.0861503
