time: 0.0555333
time: 0.0607871
time: 0.0588077
time: 0.0647201
