time: 0.374657
time: 0.369516
