time: 0.12085
time: 0.120253
