time: 0.167441
time: 0.172916
time: 0.185799
time: 0.18205
