time: 0.331352
time: 0.346459
