time: 0.0778432
time: 0.0703865
