time: 0.918768
time: 0.887077
