time: 0.150622
time: 0.15363
