time: 4.32675
time: 4.49787
