time: 0.0733134
time: 0.079292
time: 0.074646
time: 0.0945751
