time: 0.618479
time: 0.607335
