time: 0.0878768
time: 0.0880583
time: 0.0905192
time: 0.101476
