time: 0.0732593
time: 0.0781756
