time: 0.0555416
time: 0.0624308
