time: 0.05837
time: 0.051043
