time: 0.165081
time: 0.158729
time: 0.174427
time: 0.170109
