time: 0.115617
time: 0.11918
time: 0.119097
time: 0.126072
