time: 0.0578474
time: 0.0553216
time: 0.0585275
time: 0.0608387
