time: 0.0718234
time: 0.0718931
time: 0.0652242
time: 0.0825168
