time: 0.296678
time: 0.290672
time: 0.30285
time: 0.300903
