time: 0.0418987
time: 0.0403271
