time: 0.101695
time: 0.100371
time: 0.102605
time: 0.107771
