time: 0.083589
time: 0.0772739
time: 0.082533
time: 0.100111
