time: 0.0683334
time: 0.0699054
