time: 0.0744109
time: 0.0773042
time: 0.0834247
time: 0.0963858
