time: 2.53697
time: 2.87309
time: 2.5505
time: 2.70114
