time: 0.148266
time: 0.115093
