time: 0.392272
time: 0.392289
time: 0.397736
time: 0.434827
