time: 0.709928
time: 0.689094
time: 0.68825
time: 0.71635
