time: 0.0604235
time: 0.0589787
time: 0.0610935
time: 0.0674434
