time: 0.0599659
time: 0.0703436
time: 0.067525
time: 0.0767377
