time: 0.0872799
time: 0.0867742
