time: 4.42319
time: 4.45172
time: 4.18264
time: 4.48471
