time: 0.0555501
time: 0.05819
time: 0.0645816
time: 0.0626183
