time: 0.0576801
time: 0.0549616
