time: 0.0732237
time: 0.078406
time: 0.0746523
time: 0.0832059
