time: 0.131913
time: 0.130019
time: 0.129816
time: 0.137906
