time: 0.0865395
time: 0.0824768
