time: 0.0867786
time: 0.0923434
time: 0.0937103
time: 0.11157
