time: 0.198497
time: 0.20145
