time: 0.264842
time: 0.270794
