time: 0.0703198
time: 0.0696335
