time: 0.0576657
time: 0.067793
time: 0.0661996
time: 0.0777465
