time: 0.681178
time: 0.710212
