time: 0.0879893
time: 0.0952746
