time: 2.87279
time: 2.89348
time: 2.87781
time: 2.89305
