time: 0.0881503
time: 0.0906467
