time: 0.0716569
time: 0.0802475
