time: 5.03919
time: 5.09257
time: 4.45886
time: 4.56551
