time: 0.773646
time: 0.768532
time: 0.82264
time: 0.855105
