time: 0.0552075
time: 0.0768183
