time: 0.0717693
time: 0.0725052
time: 0.0818458
time: 0.0982263
