time: 0.136152
time: 0.130195
