time: 4.10694
time: 4.04621
