time: 0.315073
time: 0.305644
time: 0.310408
time: 0.333645
