time: 0.053314
time: 0.0499996
