time: 1.24035
time: 1.13083
time: 1.16244
time: 1.17226
