time: 0.0948046
time: 0.0971433
time: 0.100669
time: 0.101557
