time: 2.35637
time: 2.43043
