time: 0.061336
time: 0.0683201
time: 0.0619996
time: 0.0721584
