time: 0.150449
time: 0.151032
