time: 0.258459
time: 0.271052
time: 0.26959
time: 0.258575
