time: 0.399397
time: 0.424654
