time: 0.0545988
time: 0.0552628
time: 0.0546875
time: 0.0676313
