time: 1.36788
time: 1.38848
