time: 0.063733
time: 0.0561332
