time: 0.819716
time: 0.828787
