time: 1.17035
time: 1.18616
time: 1.27391
time: 1.16589
