time: 0.38384
time: 0.402374
