time: 0.0790553
time: 0.0866936
