time: 0.0717083
time: 0.0619244
time: 0.0729894
time: 0.0838326
