time: 0.775542
time: 0.857623
