time: 0.0628858
time: 0.0638217
time: 0.0654278
time: 0.0904098
