time: 0.885938
time: 0.851199
