time: 3.56839
time: 3.55854
