time: 0.0641975
time: 0.066842
