time: 0.0814484
time: 0.0825843
time: 0.0968216
time: 0.0859546
