time: 0.467325
time: 0.503299
time: 0.465658
time: 0.490746
