time: 0.0941442
time: 0.0942064
