time: 4.13854
time: 4.12427
