time: 0.142663
time: 0.13869
