time: 0.0709199
time: 0.0867453
time: 0.0820352
time: 0.0918206
