time: 0.55518
time: 0.534472
