time: 0.0775557
time: 0.0856937
time: 0.0821774
time: 0.0865972
