time: 0.0642036
time: 0.0502284
