time: 0.0747363
time: 0.0760026
