time: 0.0434763
time: 0.0455987
