time: 0.0878107
time: 0.0810786
time: 0.0887929
time: 0.0994768
