time: 0.623907
time: 0.642616
