time: 0.0764558
time: 0.073856
