time: 0.112451
time: 0.113815
time: 0.122658
time: 0.143108
