time: 0.057702
time: 0.0479472
time: 0.057234
time: 0.0763124
