time: 0.0716679
time: 0.076261
