time: 0.0550892
time: 0.0615961
