time: 0.0423297
time: 0.0474059
