time: 0.816737
time: 0.836316
