time: 0.0645449
time: 0.065628
time: 0.063492
time: 0.0664083
