time: 0.0610233
time: 0.0632035
time: 0.0697336
time: 0.070491
