time: 0.0898392
time: 0.0867076
