time: 0.0911738
time: 0.0886897
time: 0.107656
time: 0.0925627
