time: 0.104232
time: 0.101113
time: 0.0996591
time: 0.114924
