time: 1.44983
time: 1.63949
