time: 0.0872806
time: 0.0835965
time: 0.0805878
time: 0.0913885
