time: 0.0422108
time: 0.0434228
