time: 0.240469
time: 0.248446
