time: 0.79124
time: 0.823377
