time: 0.873149
time: 0.867495
time: 0.867504
time: 0.926644
