time: 0.149616
time: 0.151799
time: 0.148735
time: 0.16364
