time: 0.85098
time: 0.816027
time: 0.866464
time: 0.967202
