time: 0.108352
time: 0.125389
