time: 0.333532
time: 0.341781
time: 0.337939
time: 0.266676
