time: 0.0648827
time: 0.0644841
