time: 0.777458
time: 0.928182
