time: 0.0458612
time: 0.0487239
