time: 0.106866
time: 0.109082
time: 0.108831
time: 0.123278
