time: 0.0473365
time: 0.0543211
