time: 1.99886
time: 2.01416
