time: 0.0510176
time: 0.0599143
