time: 0.0764973
time: 0.0783828
time: 0.0853313
time: 0.0742027
