time: 0.0800994
time: 0.0792862
