time: 0.0802946
time: 0.0801135
