time: 0.0597002
time: 0.0609809
time: 0.0675093
time: 0.0795233
