time: 0.770573
time: 0.781447
time: 0.770763
time: 0.791744
