time: 0.103799
time: 0.111173
time: 0.108018
time: 0.102006
