time: 0.119821
time: 0.125839
