time: 0.0535217
time: 0.0536661
time: 0.0545858
time: 0.0660836
