time: 0.0947954
time: 0.0962575
time: 0.0975792
time: 0.0932486
