time: 0.358649
time: 0.373793
time: 0.391528
time: 0.411358
