time: 0.593215
time: 0.595291
time: 0.6027
time: 0.595294
