time: 0.802509
time: 0.799164
