time: 4.928
time: 4.28541
time: 4.36388
time: 4.41598
