time: 0.0809857
time: 0.0808013
time: 0.078766
time: 0.135223
