time: 0.0553236
time: 0.0537075
time: 0.0591991
time: 0.0767826
