time: 0.0639821
time: 0.070884
time: 0.0727479
time: 0.0871596
