time: 0.116445
time: 0.105503
