time: 2.41932
time: 2.43851
time: 2.20481
time: 2.20483
