time: 0.050572
time: 0.0555067
