time: 0.282147
time: 0.276018
