time: 0.0458419
time: 0.0456161
