time: 0.0801857
time: 0.0804931
