time: 3.81318
time: 3.89614
time: 3.87054
time: 3.91063
