time: 0.120802
time: 0.128686
time: 0.144178
time: 0.133965
