time: 0.0412023
time: 0.0418706
