time: 0.0911026
time: 0.0903655
time: 0.0914424
time: 0.117619
