time: 0.061863
time: 0.0628616
time: 0.0660415
time: 0.0688861
