time: 0.0430066
time: 0.046747
