time: 0.531306
time: 0.523947
