time: 0.0655985
time: 0.0659769
