time: 0.0600594
time: 0.0568203
