time: 0.75637
time: 0.75762
time: 0.756332
time: 0.813998
