time: 0.0637614
time: 0.0631765
