time: 0.0895011
time: 0.094546
time: 0.098755
time: 0.104405
