time: 6.1883
time: 6.22462
time: 6.55117
time: 6.91732
