time: 0.106064
time: 0.104367
time: 0.102276
time: 0.115377
