time: 0.0655207
time: 0.0631692
time: 0.065201
time: 0.0644659
