time: 4.66424
time: 4.72475
