time: 2.24939
time: 2.32008
