time: 0.107563
time: 0.123466
