time: 0.13241
time: 0.144667
