time: 0.061944
time: 0.0588943
