time: 0.0738017
time: 0.0718081
time: 0.0805224
time: 0.0941455
