time: 0.0549916
time: 0.0565014
