time: 0.0956082
time: 0.084784
