time: 0.142673
time: 0.148662
