time: 0.0569199
time: 0.0577353
