time: 0.488387
time: 0.49949
