time: 0.0846804
time: 0.0843725
time: 0.0855289
time: 0.0993606
