time: 0.0871945
time: 0.0885201
time: 0.0897235
time: 0.100895
