time: 0.0857717
time: 0.0918965
time: 0.0865819
time: 0.111512
