time: 0.256789
time: 0.264815
time: 0.267115
time: 0.298687
