time: 8.53419
time: 8.49981
