time: 0.0507524
time: 0.0592721
