time: 0.0696761
time: 0.0762485
