time: 0.673215
time: 0.670331
