time: 0.0535222
time: 0.0572491
