time: 0.789296
time: 0.796212
time: 0.824544
time: 0.829291
