time: 0.0923534
time: 0.0904954
