time: 0.0553307
time: 0.0614109
