time: 0.0699385
time: 0.0633539
time: 0.0681671
time: 0.0824507
