time: 2.86489
time: 2.64316
time: 2.67228
time: 2.64599
