time: 0.572453
time: 0.60289
