time: 0.0580909
time: 0.0579224
