time: 0.0912958
time: 0.0950592
