time: 8.01162
time: 7.96341
