time: 0.061423
time: 0.0551782
