time: 1.87412
time: 2.08042
