time: 0.052757
time: 0.0544425
