time: 8.69667
time: 8.70197
time: 8.70299
time: 8.70449
