time: 0.420701
time: 0.443243
