time: 0.0282616
time: 0.025832
