time: 0.0727125
time: 0.069619
time: 0.0738407
time: 0.0867128
