time: 0.0896418
time: 0.078918
time: 0.0886794
time: 0.0989827
