time: 0.118287
time: 0.134355
time: 0.118629
time: 0.14754
