time: 0.21612
time: 0.22216
time: 0.219284
time: 0.246114
