time: 1.03138
time: 1.07703
