time: 0.04654
time: 0.0545241
