time: 0.59766
time: 0.603537
