time: 0.13306
time: 0.124706
