time: 4.17088
time: 4.17156
