time: 2.1957
time: 2.19755
time: 2.20078
time: 2.21139
