time: 0.127983
time: 0.133727
