time: 0.0569002
time: 0.0638864
time: 0.0573285
time: 0.0654513
