time: 0.055257
time: 0.0495671
