time: 0.0634195
time: 0.0628942
