time: 0.0728558
time: 0.0728184
time: 0.0722895
time: 0.0716068
