time: 0.0665562
time: 0.060551
