time: 0.0623518
time: 0.0660558
