time: 0.062419
time: 0.0615464
time: 0.0614528
time: 0.107513
