time: 0.523371
time: 0.504278
