time: 0.113979
time: 0.103684
