time: 0.605577
time: 0.584171
