time: 2.01818
time: 2.27576
time: 2.28383
time: 2.07892
