time: 0.090683
time: 0.0911662
time: 0.0948824
time: 0.115251
