time: 0.459469
time: 0.464159
time: 0.458921
time: 0.473273
