time: 0.428813
time: 0.431966
time: 0.518555
time: 0.602713
