time: 8.78582
time: 8.85198
