time: 0.0742807
time: 0.0838781
time: 0.0864503
time: 0.0810491
