time: 0.301881
time: 0.315558
