time: 0.0818175
time: 0.0811893
time: 0.0813169
time: 0.0878202
