time: 0.0799421
time: 0.0875331
