time: 0.0618034
time: 0.0626946
time: 0.0619353
time: 0.0657856
