time: 0.082596
time: 0.0908409
