time: 0.0466428
time: 0.0469551
