time: 0.109246
time: 0.110372
