time: 6.77359
time: 7.09457
