time: 4.66602
time: 4.61572
