time: 0.0622558
time: 0.0630785
