time: 0.197734
time: 0.202933
