time: 0.0891459
time: 0.0891442
time: 0.0889247
time: 0.0849642
