time: 0.0636846
time: 0.0563087
