time: 0.0436887
time: 0.047903
