time: 0.0674389
time: 0.0670576
