time: 0.508319
time: 0.493365
