time: 0.0609196
time: 0.0616807
