time: 0.552178
time: 0.560713
