time: 0.0823217
time: 0.0744501
