time: 0.0616192
time: 0.0646323
time: 0.0593604
time: 0.0676424
