time: 0.0661214
time: 0.0646243
