time: 0.0627289
time: 0.0631304
time: 0.0648429
time: 0.0788765
