time: 0.0853642
time: 0.0752599
