time: 4.9708
time: 4.96079
time: 4.76834
time: 4.7708
