time: 0.0709511
time: 0.071582
