time: 2.10512
time: 2.18639
