time: 0.0420355
time: 0.0379604
