time: 0.0574582
time: 0.0577678
time: 0.0562356
time: 0.0792874
