time: 0.0581433
time: 0.0573091
