time: 0.668722
time: 0.725867
