time: 0.0589052
time: 0.0594643
time: 0.0645786
time: 0.0764034
