time: 0.0673445
time: 0.0671509
time: 0.0682382
time: 0.0773023
