time: 0.281147
time: 0.276443
time: 0.273857
time: 0.274362
