time: 0.0812332
time: 0.0875768
