time: 1.02613
time: 1.05192
