time: 0.0550898
time: 0.0473518
