time: 0.0649751
time: 0.0743304
time: 0.0797966
time: 0.0613538
