time: 0.0727972
time: 0.0757728
