time: 0.0945603
time: 0.10196
