time: 0.0677866
time: 0.0671122
time: 0.0670252
time: 0.0801697
