time: 0.0630748
time: 0.0622919
time: 0.0628057
time: 0.0790145
