time: 3.51608
time: 3.50504
