time: 0.0637569
time: 0.0653149
