time: 0.11606
time: 0.123725
