time: 0.0604406
time: 0.0619597
time: 0.0625305
time: 0.0696799
