time: 0.381375
time: 0.410828
