time: 0.46402
time: 0.462455
