time: 4.85059
time: 4.87885
time: 4.38602
time: 4.36757
