time: 2.91768
time: 2.94184
