time: 0.156318
time: 0.172672
time: 0.154784
time: 0.165784
