time: 1.21545
time: 1.21355
