time: 0.0759591
time: 0.0749385
time: 0.0846258
time: 0.0753172
