time: 0.303444
time: 0.303071
