time: 0.0840126
time: 0.0880098
