time: 0.127702
time: 0.130477
time: 0.133354
time: 0.145694
