time: 0.0514986
time: 0.0522402
time: 0.0535517
time: 0.0613067
