time: 0.0525362
time: 0.0453861
time: 0.0603423
time: 0.0664579
