time: 3.35255
time: 3.38942
