time: 0.879869
time: 0.891761
