time: 0.0543905
time: 0.0554514
