time: 0.105679
time: 0.102749
