time: 0.221933
time: 0.217144
time: 0.227595
time: 0.254422
