time: 0.0517872
time: 0.0523553
time: 0.0516967
time: 0.0623408
