time: 0.0681038
time: 0.0668744
