time: 0.150223
time: 0.153512
