time: 0.0846118
time: 0.0879035
