time: 0.0538784
time: 0.0464415
