time: 0.065626
time: 0.0662913
time: 0.0666691
time: 0.0803247
