time: 5.27158
time: 5.8422
time: 5.27318
time: 5.21874
