time: 0.0819075
time: 0.071903
time: 0.0847948
time: 0.0799282
