time: 0.0473057
time: 0.0503797
