time: 0.0489776
time: 0.0485652
