time: 0.0933481
time: 0.103787
time: 0.102665
time: 0.13479
