time: 1.55056
time: 1.56867
time: 1.56776
time: 1.58102
