time: 0.572347
time: 0.575287
time: 0.54142
time: 0.577179
