time: 0.0338256
time: 0.0403164
