time: 2.86185
time: 2.83237
