time: 0.0893188
time: 0.0874455
time: 0.0886659
time: 0.0976067
