time: 0.178065
time: 0.178652
time: 0.173956
time: 0.206239
