time: 0.0763379
time: 0.0759366
time: 0.0728592
time: 0.0855778
