time: 0.0638706
time: 0.0699718
