time: 0.0536133
time: 0.0549319
