time: 0.102789
time: 0.103319
time: 0.103484
time: 0.118467
