time: 0.0818282
time: 0.0912492
