time: 0.0871649
time: 0.0887629
time: 0.0887851
time: 0.102549
