time: 0.708422
time: 0.736927
time: 0.729601
time: 0.752794
