time: 0.0587137
time: 0.0589045
time: 0.0814851
time: 0.0774384
