time: 0.0564871
time: 0.0578561
