time: 7.26195
time: 7.35933
time: 7.29722
time: 7.51096
