time: 0.0574755
time: 0.0544987
time: 0.0568022
time: 0.0669441
