time: 3.08642
time: 3.39885
