time: 0.0539134
time: 0.0499028
time: 0.0518791
time: 0.0553104
