time: 0.136511
time: 0.143956
time: 0.149172
time: 0.147211
