time: 0.0916005
time: 0.091692
time: 0.0958838
time: 0.100246
