time: 0.0955153
time: 0.0742987
time: 0.0783694
time: 0.0866346
