time: 7.10811
time: 7.10899
time: 7.11797
time: 7.13013
