time: 0.0718562
time: 0.0760842
