time: 2.51174
time: 2.5111
time: 2.53246
time: 2.52586
