time: 0.0817417
time: 0.082442
time: 0.0762611
time: 0.0850023
