time: 0.0666238
time: 0.0660754
time: 0.0590954
time: 0.0848883
