time: 0.0570295
time: 0.0670893
