time: 0.383545
time: 0.430311
