time: 0.0710057
time: 0.0748574
