time: 0.129234
time: 0.131171
