time: 0.0367626
time: 0.0348995
