time: 0.0613581
time: 0.0666088
