time: 0.134442
time: 0.134721
