time: 0.0616351
time: 0.0613527
time: 0.074719
time: 0.115209
