time: 0.323854
time: 0.318293
time: 0.336373
time: 0.33521
