time: 0.518864
time: 0.550609
time: 0.522794
time: 0.572115
