time: 0.0689645
time: 0.0687753
