time: 0.0487219
time: 0.0556729
