time: 8.34669
time: 8.71859
