time: 0.0566717
time: 0.0542106
time: 0.0639343
time: 0.0686685
