time: 0.046968
time: 0.0541149
time: 0.0491113
time: 0.0600779
