time: 0.0592227
time: 0.0656858
