time: 0.0818372
time: 0.0840672
