time: 0.0510443
time: 0.0516829
time: 0.0474476
time: 0.0530858
