time: 1.18367
time: 1.19395
time: 1.18646
time: 1.19909
