time: 0.327531
time: 0.324353
time: 0.340215
time: 0.337388
