time: 0.067997
time: 0.0728767
