time: 0.0482156
time: 0.0513848
