time: 0.057234
time: 0.0590737
