time: 0.0699663
time: 0.0696543
