time: 0.0876245
time: 0.097909
time: 0.121445
time: 0.180846
