time: 0.0596552
time: 0.0570078
time: 0.0669249
time: 0.0620727
