time: 0.0882158
time: 0.0934841
time: 0.090324
time: 0.103354
