time: 0.0733385
time: 0.0742054
time: 0.0770233
time: 0.0850497
