time: 0.0599693
time: 0.0629298
