time: 0.0563442
time: 0.0641281
