time: 0.227823
time: 0.252006
