time: 0.106965
time: 0.11254
time: 0.122608
time: 0.149727
