time: 0.060974
time: 0.0600176
time: 0.0591433
time: 0.0674068
