time: 0.523298
time: 0.49331
time: 0.526924
time: 0.499452
