time: 0.0455835
time: 0.045028
