time: 0.0606366
time: 0.0573219
