time: 0.0858203
time: 0.0872327
time: 0.0884369
time: 0.093235
