time: 0.0631164
time: 0.0617804
