time: 0.0548928
time: 0.0554437
time: 0.0665981
time: 0.0574241
