time: 8.32223
time: 8.35743
