time: 0.184132
time: 0.185299
