time: 0.0607664
time: 0.0613784
time: 0.065779
time: 0.0728096
