time: 0.127239
time: 0.128488
time: 0.12723
time: 0.129109
