time: 0.0574283
time: 0.0601711
