time: 0.0955945
time: 0.119076
