time: 0.071975
time: 0.0700114
