time: 0.0746297
time: 0.0786137
time: 0.0743976
time: 0.0818188
