time: 3.09207
time: 3.12477
