time: 0.399181
time: 0.412243
