time: 0.0925136
time: 0.0936236
time: 0.0926092
time: 0.103737
