time: 0.108452
time: 0.113664
