time: 0.13534
time: 0.136727
