time: 0.0649652
time: 0.0686566
time: 0.0698804
time: 0.0697766
