time: 0.0687817
time: 0.0724458
