time: 0.356469
time: 0.325713
