time: 0.170274
time: 0.169619
