time: 0.0955529
time: 0.0983765
time: 0.106514
time: 0.156479
