time: 0.0574081
time: 0.0535932
time: 0.0615275
time: 0.0587877
