time: 0.436888
time: 0.425148
