time: 0.0717679
time: 0.0726034
time: 0.0727326
time: 0.0876436
