time: 0.348035
time: 0.346139
time: 0.355296
time: 0.360458
