time: 0.0958792
time: 0.0952898
time: 0.0943257
time: 0.0921068
