time: 0.0848445
time: 0.0958195
time: 0.0949213
time: 0.124229
