time: 0.180093
time: 0.181468
time: 0.177458
time: 0.189995
