time: 0.0506124
time: 0.0555522
