time: 0.0505202
time: 0.0547384
