time: 0.147192
time: 0.17147
