time: 0.110149
time: 0.109866
