time: 0.0825711
time: 0.0998523
