time: 0.0641486
time: 0.0655798
