time: 5.2437
time: 5.33335
time: 5.10835
time: 5.22901
