time: 0.0553145
time: 0.0573924
time: 0.0644711
time: 0.078987
