time: 0.0531828
time: 0.0600214
