time: 0.0610351
time: 0.0557314
