time: 0.0443337
time: 0.0739092
