time: 0.0723485
time: 0.0765919
