time: 0.067854
time: 0.059497
