time: 0.183919
time: 0.180382
