time: 0.329095
time: 0.329216
time: 0.332004
time: 0.350842
