time: 0.0696814
time: 0.0659827
