time: 0.0478414
time: 0.04728
