time: 0.0510799
time: 0.0526386
