time: 0.0685313
time: 0.0700494
