time: 0.553259
time: 0.554836
