time: 1.92046
time: 1.91904
