time: 0.0544049
time: 0.0613576
