time: 1.16553
time: 1.12223
