time: 0.569754
time: 0.546128
