time: 0.287176
time: 0.279265
time: 0.287846
time: 0.28966
