time: 0.0550456
time: 0.0555915
time: 0.067409
time: 0.0438545
