time: 0.0991845
time: 0.105048
