time: 0.063532
time: 0.0663178
time: 0.0696279
time: 0.078759
