time: 0.0835015
time: 0.0816729
time: 0.0845876
time: 0.0944614
