time: 0.0585371
time: 0.0647729
time: 0.0588799
time: 0.0698479
