time: 0.0504255
time: 0.0508799
time: 0.0578301
time: 0.0687883
