time: 0.104798
time: 0.103308
time: 0.106912
time: 0.112575
