time: 0.0445461
time: 0.0517136
