time: 0.145364
time: 0.147012
