time: 0.139345
time: 0.139949
