time: 0.297426
time: 0.316435
time: 0.316269
time: 0.450259
