time: 0.618249
time: 0.616576
