time: 0.0754605
time: 0.0726584
