time: 0.0655631
time: 0.0559539
