time: 0.105127
time: 0.109812
