time: 0.382247
time: 0.417715
