time: 0.0463532
time: 0.0548606
time: 0.0543445
time: 0.0738135
