time: 0.0673248
time: 0.0711556
