time: 8.08674
time: 8.34768
