time: 0.0491186
time: 0.0543366
time: 0.0547751
time: 0.0595099
