time: 0.0688518
time: 0.0672188
time: 0.0675948
time: 0.0871724
