time: 0.0689372
time: 0.0707346
