time: 0.062083
time: 0.0704106
