time: 0.107415
time: 0.107237
time: 0.107134
time: 0.115519
