time: 0.0841698
time: 0.0891027
