time: 0.137518
time: 0.142525
