time: 0.0712056
time: 0.0742261
time: 0.0855575
time: 0.0737299
