time: 0.0568398
time: 0.0558679
