time: 3.9326
time: 3.92275
time: 4.18559
time: 4.32875
