time: 0.0509117
time: 0.0507058
time: 0.0508298
time: 0.0689903
