time: 0.0532861
time: 0.0468946
