time: 0.0456442
time: 0.0444857
