time: 0.0970784
time: 0.109537
time: 0.10245
time: 0.108342
