time: 0.34145
time: 0.353666
time: 0.343768
time: 0.30408
