time: 0.281753
time: 0.27945
