time: 0.0651933
time: 0.0704621
