time: 0.117452
time: 0.116949
