time: 0.0740454
time: 0.0556432
