time: 0.0587687
time: 0.0684717
