time: 0.0679972
time: 0.0690254
