time: 0.500268
time: 0.522809
time: 0.503807
time: 0.525014
