time: 0.679622
time: 0.707851
