time: 0.0816517
time: 0.0818252
