time: 0.0558312
time: 0.0557407
time: 0.0608022
time: 0.056793
