time: 0.859797
time: 0.900031
