time: 0.427404
time: 0.424091
time: 0.449491
time: 0.437489
