time: 0.0693439
time: 0.069394
time: 0.0621766
time: 0.0805415
