time: 0.0788526
time: 0.0764079
time: 0.0777823
time: 0.0897954
