time: 0.0674716
time: 0.0694862
time: 0.0700014
time: 0.0777501
