time: 0.0836441
time: 0.0838849
