time: 0.0782193
time: 0.0778081
time: 0.0824819
time: 0.089284
