time: 0.0558729
time: 0.0627395
