time: 0.0579264
time: 0.0509635
