time: 0.0591695
time: 0.0550766
time: 0.0579796
time: 0.0575923
