time: 3.38112
time: 3.12449
time: 3.09805
time: 3.18498
