time: 1.37756
time: 1.38584
