time: 0.210233
time: 0.223539
