time: 6.46475
time: 6.40599
