time: 0.0593379
time: 0.0551054
time: 0.0589388
time: 0.0594874
