time: 0.0658588
time: 0.073968
