time: 0.0641411
time: 0.0738897
