time: 3.82634
time: 4.58567
