time: 0.0997574
time: 0.102502
time: 0.100862
time: 0.0974953
