time: 0.0854382
time: 0.0933181
