time: 0.0874362
time: 0.0898099
time: 0.085108
time: 0.0936234
