time: 0.0491411
time: 0.0590806
