time: 0.201597
time: 0.205178
