time: 0.0813465
time: 0.0807677
