time: 0.0701492
time: 0.0665932
