time: 0.0467153
time: 0.0458624
