time: 9.23268
time: 8.72049
