time: 0.0527473
time: 0.0540414
