time: 0.0661907
time: 0.0740922
time: 0.0711149
time: 0.0788429
