time: 0.0658326
time: 0.0653199
