time: 0.0578272
time: 0.0586376
time: 0.0592329
time: 0.0798613
