time: 0.170363
time: 0.171618
time: 0.173324
time: 0.179312
