time: 0.0478226
time: 0.0502005
