time: 0.0576271
time: 0.0596179
