time: 0.818841
time: 0.807269
time: 0.80359
time: 0.837083
