time: 2.43124
time: 2.42286
time: 2.44688
time: 2.46796
