time: 0.100907
time: 0.103568
time: 0.0992276
time: 0.118968
