time: 0.0865653
time: 0.0858888
time: 0.0948973
time: 0.091142
