time: 0.0554196
time: 0.0559417
time: 0.0544424
time: 0.0626028
