time: 0.0772245
time: 0.0806242
time: 0.0889753
time: 0.0899059
