time: 0.0571975
time: 0.0573091
