time: 0.0530818
time: 0.0675824
time: 0.0714961
time: 0.090902
