time: 0.10015
time: 0.101809
