time: 0.0512417
time: 0.0528381
