time: 1.82594
time: 1.80542
