time: 0.0745026
time: 0.0732241
time: 0.0795782
time: 0.09141
