time: 0.863901
time: 0.874168
