time: 0.057384
time: 0.0644234
time: 0.0585554
time: 0.0646904
