time: 0.0474138
time: 0.0461386
