time: 0.067449
time: 0.0593291
