time: 2.72379
time: 2.73766
time: 2.51649
time: 2.55411
