time: 0.0900312
time: 0.0955319
