time: 0.0866461
time: 0.0783966
