time: 0.0940274
time: 0.107499
