time: 4.89847
time: 5.06192
