time: 0.0866278
time: 0.0874971
time: 0.0852351
time: 0.0970494
