time: 0.0769009
time: 0.0768307
time: 0.0808613
time: 0.0878064
