time: 0.0609293
time: 0.0602747
