time: 1.28904
time: 1.42484
time: 1.32539
time: 1.36246
