time: 0.5014
time: 0.482488
time: 0.481079
time: 0.50084
