time: 0.599101
time: 0.589021
