time: 0.0580062
time: 0.0586752
