time: 0.0607241
time: 0.0600619
