time: 0.0592937
time: 0.0548551
