time: 0.0556233
time: 0.0608018
