time: 0.0394922
time: 0.0451793
