time: 0.216935
time: 0.227153
