time: 0.223839
time: 0.227799
