time: 2.39867
time: 2.35793
time: 2.72494
time: 2.48501
