time: 0.0767763
time: 0.0749154
time: 0.0779021
time: 0.0835252
