time: 0.0598972
time: 0.0639392
