time: 0.0599288
time: 0.0610762
