time: 7.60535
time: 7.61988
