time: 0.485018
time: 0.481577
time: 0.49158
time: 0.549475
