time: 0.489411
time: 0.492525
time: 0.506464
time: 0.523334
