time: 0.053614
time: 0.0545765
time: 0.0543893
time: 0.072224
