time: 0.0822462
time: 0.083709
