time: 0.0909864
time: 0.0918133
