time: 0.0460061
time: 0.0499357
