time: 0.064578
time: 0.0464071
time: 0.0741884
time: 0.0833815
