time: 0.0479335
time: 0.05568
