time: 0.0626257
time: 0.0613242
