time: 0.177802
time: 0.180147
