time: 0.0748659
time: 0.0770459
time: 0.074185
time: 0.0748345
