time: 0.11178
time: 0.111603
