time: 0.0580113
time: 0.0585193
time: 0.0456309
time: 0.0697214
