time: 0.0669216
time: 0.0693357
time: 0.0687637
time: 0.086518
