time: 1.73679
time: 1.72783
time: 1.72544
time: 1.74287
