time: 0.0663514
time: 0.0715759
