time: 0.394939
time: 0.402952
