time: 0.0549781
time: 0.0537794
