time: 0.0769013
time: 0.0636047
