time: 0.0589245
time: 0.0589648
time: 0.0600287
time: 0.0707697
