time: 0.0699002
time: 0.0742159
