time: 0.105891
time: 0.107352
time: 0.115659
time: 0.119524
