time: 0.694559
time: 0.725801
time: 0.719401
time: 0.839118
