time: 0.078349
time: 0.0753358
time: 0.0794863
time: 0.0891365
