time: 0.0568482
time: 0.0565378
time: 0.0543716
time: 0.071502
