time: 0.0621458
time: 0.0534154
