time: 0.116641
time: 0.114807
time: 0.113441
time: 0.12534
