time: 0.121905
time: 0.121272
