time: 2.47029
time: 2.40691
time: 2.56498
time: 2.79998
