time: 0.0804365
time: 0.0797089
time: 0.0816526
time: 0.0838994
