time: 0.0621278
time: 0.0600896
time: 0.063879
time: 0.0751101
