time: 0.826877
time: 0.828241
