time: 2.35077
time: 2.3372
time: 2.31437
time: 2.26929
