time: 0.126428
time: 0.124232
time: 0.12587
time: 0.133519
