time: 1.15384
time: 1.16267
