time: 0.0668683
time: 0.0680666
