time: 0.0483849
time: 0.0529013
