time: 0.0464329
time: 0.0476611
time: 0.0494093
time: 0.0623767
