time: 0.0706583
time: 0.0745166
time: 0.080456
time: 0.0883845
