time: 0.272173
time: 0.262205
time: 0.278053
time: 0.281396
