time: 0.14329
time: 0.139385
