time: 0.0495862
time: 0.054446
