time: 0.171698
time: 0.178341
time: 0.179041
time: 0.19483
