time: 0.0664418
time: 0.0634254
