time: 0.0836594
time: 0.0846243
