time: 0.984341
time: 0.981727
time: 0.98639
time: 1.01101
