time: 0.133879
time: 0.135361
time: 0.136281
time: 0.144415
