time: 0.139691
time: 0.147004
time: 0.152027
time: 0.148184
