time: 0.560474
time: 0.640387
