time: 1.90557
time: 1.88909
time: 2.13099
time: 1.94497
