time: 0.0617676
time: 0.0649479
