time: 2.41068
time: 2.17938
time: 2.39849
time: 2.41612
