time: 0.0718233
time: 0.0738878
time: 0.073684
time: 0.0799385
