time: 0.129082
time: 0.128156
time: 0.132165
time: 0.137496
