time: 0.055078
time: 0.0490487
