time: 0.0932505
time: 0.0885756
time: 0.0984439
time: 0.0897785
