time: 0.195763
time: 0.189415
