time: 4.85427
time: 4.19723
