time: 5.29269
time: 5.26975
