time: 0.0943023
time: 0.0951223
time: 0.0947122
time: 0.121703
