time: 0.059824
time: 0.0608307
