time: 0.311186
time: 0.311933
