time: 0.105006
time: 0.109466
