time: 0.0506231
time: 0.056808
time: 0.0558092
time: 0.0530485
