time: 4.56648
time: 4.3555
time: 4.66816
time: 6.05087
