time: 0.086513
time: 0.0884175
time: 0.086464
time: 0.0510753
