time: 0.0570154
time: 0.0624762
