time: 0.078323
time: 0.0795305
time: 0.0908041
time: 0.0797124
