time: 0.106649
time: 0.103709
