time: 0.0614688
time: 0.0613927
