time: 0.686627
time: 0.70036
