time: 0.0558601
time: 0.0556567
time: 0.0611704
time: 0.0636086
