time: 0.83572
time: 0.837017
