time: 0.0605597
time: 0.0644525
