time: 0.103526
time: 0.103432
time: 0.103986
time: 0.124159
