time: 7.93586
time: 8.15785
