time: 0.0408941
time: 0.048384
