time: 0.0650653
time: 0.065656
time: 0.0572139
time: 0.0846397
