time: 0.0525879
time: 0.05772
