time: 3.44152
time: 3.77405
