time: 1.32728
time: 1.37904
