time: 0.0781504
time: 0.0743943
time: 0.0779099
time: 0.128037
