time: 0.129326
time: 0.131655
time: 0.139844
time: 0.140891
