time: 0.277336
time: 0.286805
time: 0.28096
time: 0.292601
