time: 0.0673424
time: 0.068832
time: 0.0678567
time: 0.0770636
