time: 0.0971665
time: 0.0940191
