time: 0.787216
time: 0.792749
