time: 0.0528601
time: 0.0549901
time: 0.0550171
time: 0.0627028
