time: 1.39505
time: 1.39317
