time: 0.192473
time: 0.192261
