time: 0.093885
time: 0.0868216
