time: 0.0431925
time: 0.0469867
