time: 1.55011
time: 1.57878
time: 1.58072
time: 1.58947
