time: 3.10668
time: 3.10858
time: 2.94062
time: 2.98082
