time: 0.0577692
time: 0.0571414
time: 0.0671231
time: 0.0669213
