time: 0.0757781
time: 0.0791173
time: 0.0789232
time: 0.0952327
