time: 0.287617
time: 0.295574
