time: 0.0776237
time: 0.0783358
time: 0.0574489
time: 0.0997088
