time: 0.0702905
time: 0.0737739
time: 0.0689
time: 0.0869066
