time: 0.123741
time: 0.119159
time: 0.124341
time: 0.128266
