time: 0.0873287
time: 0.093439
time: 0.0913883
time: 0.115478
