time: 0.268085
time: 0.28137
time: 0.263143
time: 0.261963
