time: 0.0644601
time: 0.0637447
