time: 0.20312
time: 0.231634
time: 0.227277
time: 0.221818
