time: 5.54575
time: 5.77794
time: 5.52015
time: 7.10654
