time: 0.106631
time: 0.10826
