time: 0.0916075
time: 0.0877194
time: 0.0919538
time: 0.0974048
