time: 0.0719857
time: 0.0720978
