time: 0.0650693
time: 0.0649044
