time: 5.24173
time: 5.38856
