time: 0.528723
time: 0.498348
time: 0.499595
time: 0.521642
