time: 0.0864195
time: 0.0964066
time: 0.0876814
time: 0.0814132
