time: 7.25517
time: 7.62149
time: 7.48419
time: 8.00726
