time: 0.814852
time: 0.829647
