time: 0.297828
time: 0.311788
time: 0.348832
time: 0.349422
