time: 0.0673181
time: 0.0671821
time: 0.0668221
time: 0.0893768
