time: 0.0593496
time: 0.0596203
time: 0.0600373
time: 0.122568
