time: 0.10226
time: 0.109664
time: 0.10377
time: 0.108898
