time: 3.96083
time: 4.51398
time: 4.5867
time: 4.04705
