time: 0.47378
time: 0.46799
