time: 0.0896722
time: 0.0931587
time: 0.0927608
time: 0.105517
