time: 5.11165
time: 5.7673
time: 5.25175
time: 5.5942
