time: 0.0688011
time: 0.07615
