time: 0.0730462
time: 0.0824925
