time: 0.0763709
time: 0.0794315
time: 0.0772203
time: 0.0915042
