time: 0.441185
time: 0.442084
