time: 0.29451
time: 0.308244
