time: 0.059292
time: 0.0676669
