time: 0.428905
time: 0.405778
