time: 0.0605139
time: 0.061821
time: 0.0630455
time: 0.0761323
