time: 0.0807664
time: 0.080929
time: 0.107248
time: 0.12045
