time: 0.050747
time: 0.0442409
