time: 2.62222
time: 2.75452
time: 2.8157
time: 3.66472
