time: 0.0510015
time: 0.0562058
