time: 0.0696795
time: 0.080098
