time: 0.475278
time: 0.496432
time: 0.509678
time: 0.558492
