time: 0.589406
time: 0.595878
