time: 0.110745
time: 0.120252
