time: 0.0742981
time: 0.0820248
time: 0.0866107
time: 0.084367
