time: 0.0569124
time: 0.0588019
