time: 0.119726
time: 0.111347
