time: 0.0649874
time: 0.0639015
time: 0.0648507
time: 0.0860007
