time: 5.87401
time: 5.90184
time: 5.6639
time: 5.64588
