time: 0.0663935
time: 0.0695679
time: 0.0614112
time: 0.0865436
