time: 0.0494744
time: 0.0566124
