time: 0.428797
time: 0.455985
