time: 0.109755
time: 0.112538
