time: 0.0618996
time: 0.0626858
time: 0.0616591
time: 0.0705645
