time: 4.24333
time: 4.23649
