time: 4.47074
time: 4.39014
