time: 0.125975
time: 0.127245
