time: 0.0649305
time: 0.0708638
time: 0.0714677
time: 0.0710777
