time: 6.6078
time: 6.07131
time: 5.94663
time: 6.05579
