time: 0.393351
time: 0.400122
