time: 0.089116
time: 0.0902386
