time: 0.108683
time: 0.105702
