time: 0.0797468
time: 0.0697398
