time: 0.0572695
time: 0.0550649
