time: 3.20102
time: 3.21017
