time: 0.746289
time: 0.747968
time: 0.760435
time: 0.75975
