time: 0.159557
time: 0.170641
time: 0.162084
time: 0.148774
