time: 8.45868
time: 8.70774
