time: 1.60644
time: 1.63492
