time: 0.221343
time: 0.207181
time: 0.215653
time: 0.245669
