time: 0.366269
time: 0.379736
