time: 0.212886
time: 0.213936
time: 0.215908
time: 0.235214
