time: 1.23656
time: 1.28243
