time: 0.05722
time: 0.0534375
