time: 0.0663909
time: 0.0718338
