time: 0.0655785
time: 0.0644192
time: 0.0646691
time: 0.0633918
