time: 1.24822
time: 1.25718
time: 1.26628
time: 1.35809
