time: 3.2568
time: 3.06636
time: 3.04856
time: 3.05744
