time: 5.29213
time: 4.89729
time: 4.94076
time: 5.03958
