time: 0.0746111
time: 0.0756393
time: 0.0744502
time: 0.0791114
