time: 0.432944
time: 0.435527
