time: 0.441765
time: 0.425627
