time: 4.37537
time: 4.40561
time: 4.42069
time: 4.40765
