time: 0.0851006
time: 0.0849345
