time: 0.118083
time: 0.120698
