time: 2.77883
time: 2.61855
