time: 0.0786514
time: 0.0886654
