time: 0.0855122
time: 0.0821793
