time: 0.099552
time: 0.0959033
time: 0.0997979
time: 0.110454
