time: 0.0619167
time: 0.0621855
time: 0.0656203
time: 0.0745879
