time: 1.07976
time: 1.17568
