time: 0.0622683
time: 0.0639869
