time: 0.103617
time: 0.09845
