time: 0.128143
time: 0.145978
