time: 0.105761
time: 0.10066
