time: 0.0503071
time: 0.0494994
time: 0.0533184
time: 0.0651964
