time: 0.090541
time: 0.0910634
time: 0.0972977
time: 0.106268
