time: 0.0737798
time: 0.0667731
