time: 0.113255
time: 0.110047
time: 0.117352
time: 0.130087
