time: 0.335329
time: 0.352282
time: 0.340685
time: 0.344607
