time: 0.528182
time: 0.529074
