time: 0.0799743
time: 0.0759783
time: 0.0762024
time: 0.0566957
