time: 0.0575097
time: 0.0545198
time: 0.0635424
time: 0.0571931
