time: 0.325742
time: 0.321419
