time: 0.0835537
time: 0.0831218
time: 0.0838899
time: 0.0965116
