time: 0.079349
time: 0.0823817
