time: 2.56442
time: 2.42395
