time: 4.98355
time: 5.29916
time: 5.31492
time: 5.26438
