time: 0.0839034
time: 0.0829016
time: 0.0916941
time: 0.099611
