time: 0.0624704
time: 0.0634294
time: 0.0704267
time: 0.0814683
