time: 4.41261
time: 4.43465
