time: 0.0553597
time: 0.0499898
