time: 0.269334
time: 0.290526
time: 0.275446
time: 0.291711
