time: 0.160301
time: 0.174912
