time: 0.328589
time: 0.353029
