time: 0.0582163
time: 0.0680917
