time: 1.99499
time: 1.93604
