time: 0.0453387
time: 0.045293
