time: 0.0571717
time: 0.0567711
time: 0.0667124
time: 0.0776176
