time: 0.64787
time: 0.651022
time: 0.652504
time: 0.659908
