time: 5.24695
time: 5.22902
