time: 0.0796266
time: 0.0709366
time: 0.0903089
time: 0.107254
