time: 0.0643753
time: 0.070219
