time: 0.305064
time: 0.337593
time: 0.334118
time: 0.352004
