time: 0.0788919
time: 0.0747475
time: 0.0780356
time: 0.0814
