time: 0.914514
time: 0.905681
