time: 0.128726
time: 0.123039
