time: 0.0588946
time: 0.0514724
time: 0.0557227
time: 0.0697746
