time: 0.056919
time: 0.057199
time: 0.0654415
time: 0.057908
