time: 0.145984
time: 0.147267
