time: 0.0597543
time: 0.0662329
