time: 0.0650756
time: 0.0579536
time: 0.0663841
time: 0.0668925
