time: 0.0540623
time: 0.0544968
time: 0.0570075
time: 0.103404
