time: 0.37572
time: 0.353758
time: 0.36884
time: 0.374518
