time: 0.554578
time: 0.547869
time: 0.575233
time: 0.557175
