time: 0.0489048
time: 0.0499919
