time: 0.131748
time: 0.134599
time: 0.132446
time: 0.129919
