time: 0.0373936
time: 0.0472309
