time: 4.63437
time: 4.71945
time: 4.86932
time: 5.72078
