time: 4.69688
time: 4.74112
