time: 2.38124
time: 2.49126
time: 2.75793
time: 2.47814
