time: 0.140816
time: 0.166763
