time: 3.08476
time: 3.13436
time: 3.01997
time: 3.06012
