time: 0.0842807
time: 0.0822125
time: 0.0850676
time: 0.0938895
