time: 0.0865872
time: 0.0959704
