time: 0.0843628
time: 0.0752364
