time: 0.0516735
time: 0.0525405
