time: 0.0917955
time: 0.0922943
