time: 0.0748768
time: 0.0796294
