time: 0.565422
time: 0.565236
