time: 0.0567167
time: 0.055767
