time: 2.53256
time: 2.21113
time: 2.27541
time: 2.28922
