time: 0.0602651
time: 0.0630346
