time: 0.0745904
time: 0.0818843
