time: 4.33096
time: 4.34903
