time: 0.0781229
time: 0.0768475
