time: 0.0561436
time: 0.0646843
