time: 0.0465849
time: 0.0552704
