time: 0.0688858
time: 0.0688099
time: 0.0699918
time: 0.0919227
