time: 0.341995
time: 0.349044
time: 0.358175
time: 0.348921
