time: 0.171623
time: 0.170543
