time: 0.450985
time: 0.431949
time: 0.428041
time: 0.463887
