time: 0.079989
time: 0.07893
time: 0.0801597
time: 0.0862315
