time: 0.0839703
time: 0.0823649
time: 0.0872886
time: 0.0581624
