time: 0.0789436
time: 0.0732244
