time: 0.0629112
time: 0.057648
