time: 0.0774204
time: 0.0798515
time: 0.0918845
time: 0.086779
