time: 0.0553432
time: 0.0474784
