time: 0.0848033
time: 0.085572
time: 0.0959229
time: 0.0870964
