time: 0.0592053
time: 0.0570261
