time: 2.13602
time: 2.36267
