time: 3.87716
time: 3.93512
