time: 0.0613366
time: 0.0543344
