time: 0.0569061
time: 0.0590822
