time: 0.0548446
time: 0.061979
