time: 0.0970099
time: 0.10097
