time: 0.0377959
time: 0.0464614
