time: 0.0788984
time: 0.0745779
