time: 0.0791429
time: 0.0786206
time: 0.0772345
time: 0.0804024
