time: 4.54563
time: 4.58489
