time: 1.05588
time: 1.07054
