time: 0.780152
time: 0.859556
