time: 0.520257
time: 0.458589
