time: 0.0939533
time: 0.101318
time: 0.0996453
time: 0.115834
