time: 0.0580551
time: 0.0587501
time: 0.0714152
time: 0.086149
