time: 0.262733
time: 0.273689
time: 0.277068
time: 0.272912
