time: 0.0668634
time: 0.0553641
