time: 0.0866636
time: 0.0946486
time: 0.0876416
time: 0.102644
