time: 0.121609
time: 0.128078
