time: 0.093949
time: 0.0934842
time: 0.100815
time: 0.127418
