time: 0.0562982
time: 0.0563749
