time: 5.73486
time: 5.79733
