time: 0.097811
time: 0.093919
time: 0.106908
time: 0.113847
