time: 0.0585533
time: 0.0607687
time: 0.0601731
time: 0.0668149
