time: 0.0646911
time: 0.0662013
