time: 0.0972916
time: 0.0580587
