time: 0.52954
time: 0.552139
