time: 1.22982
time: 1.24919
