time: 0.0866589
time: 0.0843646
