time: 4.46297
time: 4.46377
