time: 0.0765054
time: 0.0768403
time: 0.0841851
time: 0.0829946
